#           k/h    P           
   0.100000E-03   0.205050E+03
   0.102020E-03   0.209022E+03
   0.104081E-03   0.213072E+03
   0.106184E-03   0.217200E+03
   0.108329E-03   0.221408E+03
   0.110517E-03   0.225698E+03
   0.112750E-03   0.230070E+03
   0.115027E-03   0.234527E+03
   0.117351E-03   0.239070E+03
   0.119722E-03   0.243701E+03
   0.122140E-03   0.248422E+03
   0.124608E-03   0.253234E+03
   0.127125E-03   0.258139E+03
   0.129693E-03   0.263139E+03
   0.132313E-03   0.268235E+03
   0.134986E-03   0.273430E+03
   0.137713E-03   0.278726E+03
   0.140495E-03   0.284123E+03
   0.143333E-03   0.289625E+03
   0.146228E-03   0.295234E+03
   0.149182E-03   0.300950E+03
   0.152196E-03   0.306778E+03
   0.155271E-03   0.312717E+03
   0.158407E-03   0.318772E+03
   0.161607E-03   0.324943E+03
   0.164872E-03   0.331233E+03
   0.168203E-03   0.337645E+03
   0.171601E-03   0.344181E+03
   0.175067E-03   0.350842E+03
   0.178604E-03   0.357632E+03
   0.182212E-03   0.364553E+03
   0.185893E-03   0.371608E+03
   0.189648E-03   0.378799E+03
   0.193479E-03   0.386128E+03
   0.197388E-03   0.393598E+03
   0.201375E-03   0.401212E+03
   0.205443E-03   0.408973E+03
   0.209594E-03   0.416884E+03
   0.213828E-03   0.424946E+03
   0.218147E-03   0.433164E+03
   0.222554E-03   0.441540E+03
   0.227050E-03   0.450077E+03
   0.231637E-03   0.458778E+03
   0.236316E-03   0.467646E+03
   0.241090E-03   0.476685E+03
   0.245960E-03   0.485897E+03
   0.250929E-03   0.495287E+03
   0.255998E-03   0.504856E+03
   0.261170E-03   0.514609E+03
   0.266446E-03   0.524549E+03
   0.271828E-03   0.534680E+03
   0.277319E-03   0.545005E+03
   0.282922E-03   0.555527E+03
   0.288637E-03   0.566251E+03
   0.294468E-03   0.577180E+03
   0.300417E-03   0.588319E+03
   0.306485E-03   0.599670E+03
   0.312677E-03   0.611237E+03
   0.318993E-03   0.623026E+03
   0.325437E-03   0.635040E+03
   0.332012E-03   0.647283E+03
   0.338719E-03   0.659759E+03
   0.345561E-03   0.672473E+03
   0.352542E-03   0.685428E+03
   0.359664E-03   0.698630E+03
   0.366930E-03   0.712083E+03
   0.374342E-03   0.725792E+03
   0.381904E-03   0.739761E+03
   0.389619E-03   0.753994E+03
   0.397490E-03   0.768497E+03
   0.405520E-03   0.783275E+03
   0.413712E-03   0.798332E+03
   0.422070E-03   0.813674E+03
   0.430596E-03   0.829305E+03
   0.439295E-03   0.845231E+03
   0.448169E-03   0.861457E+03
   0.457222E-03   0.877988E+03
   0.466459E-03   0.894830E+03
   0.475882E-03   0.911988E+03
   0.485496E-03   0.929468E+03
   0.495303E-03   0.947276E+03
   0.505309E-03   0.965416E+03
   0.515517E-03   0.983896E+03
   0.525931E-03   0.100272E+04
   0.536556E-03   0.102190E+04
   0.547395E-03   0.104143E+04
   0.558453E-03   0.106132E+04
   0.569734E-03   0.108159E+04
   0.581244E-03   0.110223E+04
   0.592986E-03   0.112325E+04
   0.604965E-03   0.114466E+04
   0.617186E-03   0.116646E+04
   0.629654E-03   0.118866E+04
   0.642374E-03   0.121128E+04
   0.655350E-03   0.123430E+04
   0.668589E-03   0.125775E+04
   0.682096E-03   0.128163E+04
   0.695875E-03   0.130594E+04
   0.709933E-03   0.133070E+04
   0.724274E-03   0.135590E+04
   0.738906E-03   0.138156E+04
   0.753832E-03   0.140769E+04
   0.769061E-03   0.143428E+04
   0.784597E-03   0.146136E+04
   0.800447E-03   0.148892E+04
   0.816617E-03   0.151697E+04
   0.833114E-03   0.154553E+04
   0.849944E-03   0.157459E+04
   0.867114E-03   0.160417E+04
   0.884631E-03   0.163427E+04
   0.902501E-03   0.166491E+04
   0.920733E-03   0.169608E+04
   0.939333E-03   0.172780E+04
   0.958309E-03   0.176008E+04
   0.977668E-03   0.179292E+04
   0.997418E-03   0.182633E+04
   0.101757E-02   0.186032E+04
   0.103812E-02   0.189490E+04
   0.105910E-02   0.193008E+04
   0.108049E-02   0.196585E+04
   0.110232E-02   0.200224E+04
   0.112459E-02   0.203925E+04
   0.114730E-02   0.207689E+04
   0.117048E-02   0.211516E+04
   0.119413E-02   0.215407E+04
   0.121825E-02   0.219364E+04
   0.124286E-02   0.223387E+04
   0.126797E-02   0.227476E+04
   0.129358E-02   0.231633E+04
   0.131971E-02   0.235858E+04
   0.134637E-02   0.240152E+04
   0.137357E-02   0.244517E+04
   0.140132E-02   0.248951E+04
   0.142963E-02   0.253458E+04
   0.145851E-02   0.258036E+04
   0.148797E-02   0.262687E+04
   0.151803E-02   0.267412E+04
   0.154870E-02   0.272210E+04
   0.157998E-02   0.277084E+04
   0.161190E-02   0.282034E+04
   0.164446E-02   0.287059E+04
   0.167768E-02   0.292162E+04
   0.171158E-02   0.297341E+04
   0.174615E-02   0.302599E+04
   0.178143E-02   0.307936E+04
   0.181741E-02   0.313351E+04
   0.185413E-02   0.318846E+04
   0.189158E-02   0.324422E+04
   0.192980E-02   0.330078E+04
   0.196878E-02   0.335815E+04
   0.200855E-02   0.341633E+04
   0.204913E-02   0.347533E+04
   0.209052E-02   0.353516E+04
   0.213276E-02   0.359580E+04
   0.217584E-02   0.365728E+04
   0.221979E-02   0.371958E+04
   0.226464E-02   0.378271E+04
   0.231039E-02   0.384668E+04
   0.235706E-02   0.391147E+04
   0.240467E-02   0.397710E+04
   0.245325E-02   0.404356E+04
   0.250281E-02   0.411086E+04
   0.255337E-02   0.417898E+04
   0.260495E-02   0.424794E+04
   0.265758E-02   0.431772E+04
   0.271126E-02   0.438833E+04
   0.276603E-02   0.445975E+04
   0.282191E-02   0.453199E+04
   0.287892E-02   0.460505E+04
   0.293708E-02   0.467891E+04
   0.299641E-02   0.475357E+04
   0.305694E-02   0.482903E+04
   0.311870E-02   0.490527E+04
   0.318170E-02   0.498228E+04
   0.324597E-02   0.506006E+04
   0.331155E-02   0.513860E+04
   0.337844E-02   0.521790E+04
   0.344669E-02   0.529794E+04
   0.351632E-02   0.537871E+04
   0.358735E-02   0.546019E+04
   0.365982E-02   0.554235E+04
   0.373376E-02   0.562517E+04
   0.380918E-02   0.570862E+04
   0.388613E-02   0.579268E+04
   0.396464E-02   0.587737E+04
   0.404473E-02   0.596270E+04
   0.412644E-02   0.604871E+04
   0.420980E-02   0.613541E+04
   0.429484E-02   0.622278E+04
   0.438160E-02   0.631066E+04
   0.447012E-02   0.639885E+04
   0.456042E-02   0.648714E+04
   0.465255E-02   0.657530E+04
   0.474653E-02   0.666324E+04
   0.484242E-02   0.675114E+04
   0.494024E-02   0.683924E+04
   0.504004E-02   0.692778E+04
   0.514186E-02   0.701703E+04
   0.524573E-02   0.710712E+04
   0.535170E-02   0.719787E+04
   0.545981E-02   0.728908E+04
   0.557011E-02   0.738050E+04
   0.568263E-02   0.747190E+04
   0.579743E-02   0.756311E+04
   0.591455E-02   0.765412E+04
   0.603403E-02   0.774494E+04
   0.615592E-02   0.783557E+04
   0.628028E-02   0.792602E+04
   0.640715E-02   0.801626E+04
   0.653658E-02   0.810624E+04
   0.666863E-02   0.819587E+04
   0.680335E-02   0.828507E+04
   0.694078E-02   0.837378E+04
   0.708100E-02   0.846191E+04
   0.722404E-02   0.854940E+04
   0.736998E-02   0.863619E+04
   0.751886E-02   0.872220E+04
   0.767075E-02   0.880737E+04
   0.782571E-02   0.889163E+04
   0.798380E-02   0.897490E+04
   0.814509E-02   0.905710E+04
   0.830963E-02   0.913815E+04
   0.847750E-02   0.921796E+04
   0.864875E-02   0.929645E+04
   0.882347E-02   0.937353E+04
   0.900171E-02   0.944911E+04
   0.918356E-02   0.952311E+04
   0.936908E-02   0.959542E+04
   0.955835E-02   0.966596E+04
   0.975144E-02   0.973463E+04
   0.994843E-02   0.980133E+04
   0.101494E-01   0.986595E+04
   0.103544E-01   0.992841E+04
   0.105636E-01   0.998859E+04
   0.107770E-01   0.100464E+05
   0.109947E-01   0.101016E+05
   0.112168E-01   0.101543E+05
   0.114434E-01   0.102042E+05
   0.116746E-01   0.102512E+05
   0.119104E-01   0.102953E+05
   0.121510E-01   0.103364E+05
   0.123965E-01   0.103744E+05
   0.126469E-01   0.104093E+05
   0.129024E-01   0.104409E+05
   0.131631E-01   0.104688E+05
   0.134290E-01   0.104929E+05
   0.137003E-01   0.105129E+05
   0.139770E-01   0.105286E+05
   0.142594E-01   0.105401E+05
   0.145474E-01   0.105479E+05
   0.148413E-01   0.105523E+05
   0.151411E-01   0.105540E+05
   0.154470E-01   0.105531E+05
   0.157590E-01   0.105492E+05
   0.160774E-01   0.105415E+05
   0.164022E-01   0.105290E+05
   0.167335E-01   0.105109E+05
   0.170716E-01   0.104864E+05
   0.174164E-01   0.104556E+05
   0.177683E-01   0.104191E+05
   0.181272E-01   0.103773E+05
   0.184934E-01   0.103308E+05
   0.188670E-01   0.102800E+05
   0.192481E-01   0.102247E+05
   0.196370E-01   0.101642E+05
   0.200337E-01   0.100980E+05
   0.204384E-01   0.100257E+05
   0.208513E-01   0.994684E+04
   0.212725E-01   0.986184E+04
   0.217022E-01   0.977137E+04
   0.221406E-01   0.967611E+04
   0.225879E-01   0.957669E+04
   0.230442E-01   0.947370E+04
   0.235097E-01   0.936728E+04
   0.239847E-01   0.925750E+04
   0.244692E-01   0.914439E+04
   0.249635E-01   0.902802E+04
   0.254678E-01   0.890843E+04
   0.259823E-01   0.878563E+04
   0.265072E-01   0.865958E+04
   0.270426E-01   0.853028E+04
   0.275889E-01   0.839774E+04
   0.281463E-01   0.826206E+04
   0.287149E-01   0.812359E+04
   0.292949E-01   0.798275E+04
   0.298867E-01   0.783997E+04
   0.304905E-01   0.769562E+04
   0.311064E-01   0.755013E+04
   0.317348E-01   0.740407E+04
   0.323759E-01   0.725800E+04
   0.330299E-01   0.711243E+04
   0.336972E-01   0.696787E+04
   0.343779E-01   0.682474E+04
   0.350724E-01   0.668342E+04
   0.357809E-01   0.654423E+04
   0.365038E-01   0.640747E+04
   0.372412E-01   0.627340E+04
   0.379935E-01   0.614228E+04
   0.387610E-01   0.601432E+04
   0.395440E-01   0.588971E+04
   0.403429E-01   0.576864E+04
   0.411579E-01   0.565126E+04
   0.419893E-01   0.553779E+04
   0.428375E-01   0.542861E+04
   0.437029E-01   0.532412E+04
   0.445858E-01   0.522465E+04
   0.454865E-01   0.513051E+04
   0.464053E-01   0.504167E+04
   0.473428E-01   0.495767E+04
   0.482992E-01   0.487807E+04
   0.492749E-01   0.480246E+04
   0.502703E-01   0.473044E+04
   0.512858E-01   0.466164E+04
   0.523219E-01   0.459571E+04
   0.533789E-01   0.453231E+04
   0.544572E-01   0.447109E+04
   0.555573E-01   0.441159E+04
   0.566796E-01   0.435336E+04
   0.578246E-01   0.429596E+04
   0.589927E-01   0.423885E+04
   0.601845E-01   0.418132E+04
   0.614003E-01   0.412270E+04
   0.626407E-01   0.406229E+04
   0.639061E-01   0.399915E+04
   0.651971E-01   0.393230E+04
   0.665142E-01   0.386093E+04
   0.678578E-01   0.378529E+04
   0.692287E-01   0.370622E+04
   0.706272E-01   0.362442E+04
   0.720539E-01   0.353918E+04
   0.735095E-01   0.344895E+04
   0.749945E-01   0.335268E+04
   0.765095E-01   0.325151E+04
   0.780551E-01   0.314743E+04
   0.796319E-01   0.304205E+04
   0.812406E-01   0.293619E+04
   0.828817E-01   0.283048E+04
   0.845561E-01   0.272581E+04
   0.862642E-01   0.262325E+04
   0.880068E-01   0.252380E+04
   0.897847E-01   0.242848E+04
   0.915985E-01   0.233821E+04
   0.934489E-01   0.225378E+04
   0.953367E-01   0.217594E+04
   0.972626E-01   0.210532E+04
   0.992274E-01   0.204218E+04
   0.101232E+00   0.198642E+04
   0.103277E+00   0.193787E+04
   0.105363E+00   0.189572E+04
   0.107492E+00   0.185903E+04
   0.109663E+00   0.182666E+04
   0.111879E+00   0.179719E+04
   0.114139E+00   0.176925E+04
   0.116445E+00   0.174141E+04
   0.118797E+00   0.171233E+04
   0.121197E+00   0.168085E+04
   0.123645E+00   0.164597E+04
   0.126143E+00   0.160704E+04
   0.128691E+00   0.156370E+04
   0.131291E+00   0.151605E+04
   0.133943E+00   0.146450E+04
   0.136649E+00   0.140990E+04
   0.139409E+00   0.135333E+04
   0.142226E+00   0.129620E+04
   0.145099E+00   0.124002E+04
   0.148030E+00   0.118643E+04
   0.151020E+00   0.113688E+04
   0.154071E+00   0.109252E+04
   0.157184E+00   0.105395E+04
   0.160359E+00   0.102118E+04
   0.163598E+00   0.993642E+03
   0.166903E+00   0.970454E+03
   0.170275E+00   0.950476E+03
   0.173715E+00   0.932431E+03
   0.177224E+00   0.914934E+03
   0.180804E+00   0.896497E+03
   0.184457E+00   0.875820E+03
   0.188183E+00   0.852062E+03
   0.191985E+00   0.825111E+03
   0.195863E+00   0.795605E+03
   0.199820E+00   0.764607E+03
   0.203856E+00   0.733358E+03
   0.207974E+00   0.703102E+03
   0.212176E+00   0.675007E+03
   0.216462E+00   0.649991E+03
   0.220835E+00   0.628500E+03
   0.225296E+00   0.610386E+03
   0.229847E+00   0.594966E+03
   0.234490E+00   0.581221E+03
   0.239227E+00   0.567986E+03
   0.244060E+00   0.554164E+03
   0.248990E+00   0.538989E+03
   0.254020E+00   0.522251E+03
   0.259152E+00   0.504304E+03
   0.264387E+00   0.485872E+03
   0.269728E+00   0.467826E+03
   0.275177E+00   0.450996E+03
   0.280736E+00   0.435952E+03
   0.286407E+00   0.422810E+03
   0.292193E+00   0.411230E+03
   0.298096E+00   0.400588E+03
   0.304118E+00   0.390177E+03
   0.310261E+00   0.379414E+03
   0.316529E+00   0.368046E+03
   0.322923E+00   0.356228E+03
   0.329447E+00   0.344403E+03
   0.336102E+00   0.333073E+03
   0.342892E+00   0.322607E+03
   0.349819E+00   0.313115E+03
   0.356885E+00   0.304419E+03
   0.364095E+00   0.296167E+03
   0.371450E+00   0.288006E+03
   0.378954E+00   0.279724E+03
   0.386609E+00   0.271350E+03
   0.394419E+00   0.263115E+03
   0.402387E+00   0.255242E+03
   0.410516E+00   0.247865E+03
   0.418809E+00   0.240975E+03
   0.427269E+00   0.234403E+03
   0.435901E+00   0.227980E+03
   0.444706E+00   0.221620E+03
   0.453690E+00   0.215340E+03
   0.462855E+00   0.209255E+03
   0.472206E+00   0.203448E+03
   0.481745E+00   0.197921E+03
   0.491477E+00   0.192624E+03
   0.501405E+00   0.187471E+03
   0.511534E+00   0.182427E+03
   0.521868E+00   0.177514E+03
   0.532411E+00   0.172769E+03
   0.543166E+00   0.168214E+03
   0.554139E+00   0.163827E+03
   0.565333E+00   0.159574E+03
   0.576753E+00   0.155434E+03
   0.588404E+00   0.151416E+03
   0.600291E+00   0.147529E+03
   0.612418E+00   0.143774E+03
   0.624789E+00   0.140139E+03
   0.637411E+00   0.136617E+03
   0.650288E+00   0.133203E+03
   0.663424E+00   0.129890E+03
   0.676826E+00   0.126677E+03
   0.690499E+00   0.123559E+03
   0.704448E+00   0.120532E+03
   0.718679E+00   0.117593E+03
   0.733197E+00   0.114740E+03
   0.748009E+00   0.111968E+03
   0.763119E+00   0.109275E+03
   0.778536E+00   0.106658E+03
   0.794263E+00   0.104114E+03
   0.810308E+00   0.101641E+03
   0.826677E+00   0.992362E+02
   0.843378E+00   0.968970E+02
   0.860415E+00   0.946212E+02
   0.877797E+00   0.924066E+02
   0.895529E+00   0.902510E+02
   0.913620E+00   0.881524E+02
   0.932076E+00   0.861084E+02
   0.950906E+00   0.841171E+02
   0.970115E+00   0.821765E+02
   0.989713E+00   0.802847E+02
   0.100971E+01   0.784399E+02
   0.103010E+01   0.766405E+02
   0.105091E+01   0.748848E+02
   0.107214E+01   0.731712E+02
   0.109380E+01   0.714983E+02
   0.111590E+01   0.698647E+02
   0.113844E+01   0.682690E+02
   0.116144E+01   0.667098E+02
   0.118490E+01   0.651860E+02
   0.120884E+01   0.636964E+02
   0.123326E+01   0.622399E+02
   0.125817E+01   0.608153E+02
   0.128359E+01   0.594218E+02
   0.130952E+01   0.580583E+02
   0.133597E+01   0.567240E+02
   0.136296E+01   0.554179E+02
   0.139049E+01   0.541393E+02
   0.141858E+01   0.528874E+02
   0.144724E+01   0.516614E+02
   0.147648E+01   0.504606E+02
   0.150630E+01   0.492842E+02
   0.153673E+01   0.481317E+02
   0.156778E+01   0.470024E+02
   0.159945E+01   0.458956E+02
   0.163176E+01   0.448109E+02
   0.166472E+01   0.437475E+02
   0.169835E+01   0.427051E+02
   0.173266E+01   0.416831E+02
   0.176766E+01   0.406810E+02
   0.180337E+01   0.396984E+02
   0.183980E+01   0.387349E+02
   0.187697E+01   0.377901E+02
   0.191489E+01   0.368636E+02
   0.195357E+01   0.359551E+02
   0.199304E+01   0.350643E+02
   0.203330E+01   0.341907E+02
   0.207437E+01   0.333341E+02
   0.211628E+01   0.324941E+02
   0.215903E+01   0.316704E+02
   0.220265E+01   0.308628E+02
   0.224714E+01   0.300710E+02
   0.229254E+01   0.292946E+02
   0.233885E+01   0.285334E+02
   0.238610E+01   0.277873E+02
   0.243430E+01   0.270558E+02
   0.248348E+01   0.263388E+02
   0.253365E+01   0.256361E+02
   0.258483E+01   0.249474E+02
   0.263704E+01   0.242726E+02
   0.269032E+01   0.236113E+02
   0.274466E+01   0.229635E+02
   0.280011E+01   0.223289E+02
   0.285668E+01   0.217073E+02
   0.291439E+01   0.210986E+02
   0.297326E+01   0.205025E+02
   0.303332E+01   0.199189E+02
   0.309460E+01   0.193476E+02
   0.315712E+01   0.187884E+02
   0.322090E+01   0.182412E+02
   0.328596E+01   0.177057E+02
   0.335234E+01   0.171819E+02
   0.342006E+01   0.166695E+02
   0.348916E+01   0.161685E+02
   0.355964E+01   0.156788E+02
   0.363155E+01   0.152002E+02
   0.370491E+01   0.147327E+02
   0.377976E+01   0.142760E+02
   0.385611E+01   0.138302E+02
   0.393401E+01   0.133949E+02
   0.401348E+01   0.129702E+02
   0.409456E+01   0.125559E+02
   0.417727E+01   0.121519E+02
   0.426166E+01   0.117579E+02
   0.434775E+01   0.113739E+02
   0.443558E+01   0.109998E+02
   0.452519E+01   0.106353E+02
   0.461660E+01   0.102803E+02
   0.470987E+01   0.993477E+01
   0.480501E+01   0.959838E+01
   0.490208E+01   0.927093E+01
   0.500111E+01   0.895222E+01
   0.510214E+01   0.864202E+01
   0.520521E+01   0.834015E+01
   0.531036E+01   0.804641E+01
   0.541763E+01   0.776061E+01
   0.552708E+01   0.748257E+01
   0.563873E+01   0.721212E+01
   0.575264E+01   0.694911E+01
   0.586885E+01   0.669337E+01
   0.598741E+01   0.644474E+01
   0.610836E+01   0.620308E+01
   0.623176E+01   0.596825E+01
   0.635765E+01   0.574010E+01
   0.648609E+01   0.551850E+01
   0.661711E+01   0.530335E+01
   0.675079E+01   0.509464E+01
   0.688716E+01   0.489238E+01
   0.702629E+01   0.469657E+01
   0.716823E+01   0.450718E+01
   0.731304E+01   0.432417E+01
   0.746077E+01   0.414747E+01
   0.761149E+01   0.397701E+01
   0.776525E+01   0.381270E+01
   0.792212E+01   0.365445E+01
   0.808217E+01   0.350214E+01
   0.824543E+01   0.335565E+01
   0.841200E+01   0.321486E+01
   0.858193E+01   0.307964E+01
   0.875530E+01   0.294984E+01
   0.893217E+01   0.282533E+01
   0.911261E+01   0.270596E+01
   0.929670E+01   0.259156E+01
   0.948451E+01   0.248193E+01
   0.967610E+01   0.237689E+01
   0.987158E+01   0.227623E+01
   0.100710E+02   0.217979E+01
   0.102744E+02   0.208738E+01
   0.104820E+02   0.199885E+01
   0.106938E+02   0.191403E+01
   0.109098E+02   0.183277E+01
   0.111302E+02   0.175493E+01
   0.113550E+02   0.168036E+01
   0.115844E+02   0.160893E+01
   0.118184E+02   0.154051E+01
   0.120572E+02   0.147498E+01
   0.123007E+02   0.141221E+01
   0.125492E+02   0.135208E+01
   0.128027E+02   0.129450E+01
   0.130614E+02   0.123935E+01
   0.133252E+02   0.118652E+01
   0.135944E+02   0.113590E+01
   0.138691E+02   0.108740E+01
   0.141492E+02   0.104092E+01
   0.144351E+02   0.996378E+00
   0.147267E+02   0.953683E+00
   0.150242E+02   0.912758E+00
   0.153277E+02   0.873525E+00
   0.156373E+02   0.835911E+00
   0.159532E+02   0.799848E+00
   0.162755E+02   0.765269E+00
   0.166043E+02   0.732112E+00
   0.169397E+02   0.700317E+00
   0.172819E+02   0.669826E+00
   0.176310E+02   0.640585E+00
   0.179872E+02   0.612544E+00
   0.183505E+02   0.585660E+00
   0.187212E+02   0.559892E+00
   0.190994E+02   0.535202E+00
   0.194853E+02   0.511550E+00
   0.198789E+02   0.488900E+00
   0.202805E+02   0.467214E+00
   0.206902E+02   0.446457E+00
   0.211081E+02   0.426593E+00
   0.215346E+02   0.407589E+00
   0.219696E+02   0.389411E+00
   0.224134E+02   0.372028E+00
   0.228662E+02   0.355407E+00
   0.233281E+02   0.339520E+00
   0.237994E+02   0.324336E+00
   0.242802E+02   0.309827E+00
