#          k/h    CDM            baryon         photon         nu             mass_nu        total          no_nu          total_de       Weyl           v_CDM          v_b            v_b-v_c     
   0.994668E-05   0.158349E+08   0.158349E+08   0.211051E+08   0.211049E+08   0.158378E+08   0.158349E+08   0.158349E+08   0.158434E+08  -0.536736E+00   0.115432E+08   0.115432E+08   0.854685E+01
   0.109829E-04   0.158349E+08   0.158349E+08   0.211034E+08   0.211030E+08   0.158378E+08   0.158349E+08   0.158349E+08   0.158434E+08  -0.536736E+00   0.115432E+08   0.115432E+08   0.943702E+01
   0.121271E-04   0.158349E+08   0.158349E+08   0.211012E+08   0.211008E+08   0.158378E+08   0.158349E+08   0.158349E+08   0.158434E+08  -0.536736E+00   0.115432E+08   0.115432E+08   0.104198E+02
   0.133905E-04   0.158349E+08   0.158349E+08   0.210986E+08   0.210981E+08   0.158378E+08   0.158349E+08   0.158349E+08   0.158434E+08  -0.536736E+00   0.115432E+08   0.115432E+08   0.115050E+02
   0.147856E-04   0.158349E+08   0.158349E+08   0.210954E+08   0.210948E+08   0.158378E+08   0.158349E+08   0.158349E+08   0.158434E+08  -0.536736E+00   0.115432E+08   0.115432E+08   0.127030E+02
   0.163259E-04   0.158349E+08   0.158349E+08   0.210915E+08   0.210907E+08   0.158377E+08   0.158349E+08   0.158349E+08   0.158434E+08  -0.536736E+00   0.115432E+08   0.115432E+08   0.140256E+02
   0.180268E-04   0.158349E+08   0.158349E+08   0.210867E+08   0.210858E+08   0.158377E+08   0.158349E+08   0.158349E+08   0.158434E+08  -0.536736E+00   0.115432E+08   0.115432E+08   0.154857E+02
   0.199048E-04   0.158349E+08   0.158349E+08   0.210809E+08   0.210798E+08   0.158377E+08   0.158349E+08   0.158349E+08   0.158434E+08  -0.536736E+00   0.115432E+08   0.115432E+08   0.170975E+02
   0.219785E-04   0.158349E+08   0.158349E+08   0.210738E+08   0.210724E+08   0.158376E+08   0.158349E+08   0.158349E+08   0.158433E+08  -0.536735E+00   0.115432E+08   0.115432E+08   0.188768E+02
   0.242682E-04   0.158349E+08   0.158349E+08   0.210652E+08   0.210635E+08   0.158376E+08   0.158349E+08   0.158349E+08   0.158433E+08  -0.536735E+00   0.115431E+08   0.115431E+08   0.208408E+02
   0.267965E-04   0.158349E+08   0.158349E+08   0.210546E+08   0.210526E+08   0.158375E+08   0.158349E+08   0.158349E+08   0.158433E+08  -0.536734E+00   0.115431E+08   0.115431E+08   0.230085E+02
   0.295882E-04   0.158348E+08   0.158348E+08   0.210418E+08   0.210393E+08   0.158374E+08   0.158349E+08   0.158348E+08   0.158433E+08  -0.536733E+00   0.115431E+08   0.115431E+08   0.254008E+02
   0.326707E-04   0.158348E+08   0.158348E+08   0.210261E+08   0.210232E+08   0.158373E+08   0.158348E+08   0.158348E+08   0.158433E+08  -0.536732E+00   0.115431E+08   0.115431E+08   0.280406E+02
   0.360743E-04   0.158348E+08   0.158348E+08   0.210071E+08   0.210034E+08   0.158372E+08   0.158348E+08   0.158348E+08   0.158432E+08  -0.536731E+00   0.115431E+08   0.115431E+08   0.309533E+02
   0.398325E-04   0.158348E+08   0.158347E+08   0.209839E+08   0.209794E+08   0.158371E+08   0.158348E+08   0.158348E+08   0.158432E+08  -0.536729E+00   0.115431E+08   0.115430E+08   0.341665E+02
   0.439823E-04   0.158347E+08   0.158347E+08   0.209556E+08   0.209502E+08   0.158369E+08   0.158347E+08   0.158347E+08   0.158431E+08  -0.536726E+00   0.115430E+08   0.115430E+08   0.377104E+02
   0.485644E-04   0.158346E+08   0.158346E+08   0.209212E+08   0.209146E+08   0.158367E+08   0.158346E+08   0.158346E+08   0.158430E+08  -0.536724E+00   0.115430E+08   0.115430E+08   0.416181E+02
   0.536238E-04   0.158346E+08   0.158345E+08   0.208792E+08   0.208712E+08   0.158364E+08   0.158346E+08   0.158346E+08   0.158429E+08  -0.536720E+00   0.115429E+08   0.115429E+08   0.459257E+02
   0.592104E-04   0.158345E+08   0.158344E+08   0.208282E+08   0.208185E+08   0.158360E+08   0.158345E+08   0.158345E+08   0.158428E+08  -0.536715E+00   0.115428E+08   0.115428E+08   0.506724E+02
   0.653789E-04   0.158343E+08   0.158343E+08   0.207662E+08   0.207544E+08   0.158356E+08   0.158343E+08   0.158343E+08   0.158427E+08  -0.536710E+00   0.115427E+08   0.115427E+08   0.559004E+02
   0.721901E-04   0.158342E+08   0.158341E+08   0.206908E+08   0.206765E+08   0.158351E+08   0.158342E+08   0.158342E+08   0.158425E+08  -0.536703E+00   0.115426E+08   0.115426E+08   0.616555E+02
   0.797109E-04   0.158340E+08   0.158339E+08   0.205993E+08   0.205818E+08   0.158345E+08   0.158340E+08   0.158340E+08   0.158422E+08  -0.536694E+00   0.115425E+08   0.115425E+08   0.679866E+02
   0.880152E-04   0.158337E+08   0.158337E+08   0.204881E+08   0.204669E+08   0.158337E+08   0.158337E+08   0.158337E+08   0.158419E+08  -0.536683E+00   0.115423E+08   0.115423E+08   0.749456E+02
   0.971847E-04   0.158334E+08   0.158334E+08   0.203534E+08   0.203277E+08   0.158327E+08   0.158334E+08   0.158334E+08   0.158416E+08  -0.536670E+00   0.115421E+08   0.115420E+08   0.825870E+02
   0.107309E-03   0.158331E+08   0.158330E+08   0.201903E+08   0.201591E+08   0.158316E+08   0.158330E+08   0.158330E+08   0.158411E+08  -0.536654E+00   0.115418E+08   0.115418E+08   0.909675E+02
   0.118489E-03   0.158326E+08   0.158325E+08   0.199930E+08   0.199552E+08   0.158301E+08   0.158326E+08   0.158326E+08   0.158406E+08  -0.536634E+00   0.115415E+08   0.115414E+08   0.100145E+03
   0.130833E-03   0.158320E+08   0.158319E+08   0.197550E+08   0.197093E+08   0.158284E+08   0.158320E+08   0.158320E+08   0.158399E+08  -0.536609E+00   0.115410E+08   0.115410E+08   0.110176E+03
   0.144463E-03   0.158313E+08   0.158312E+08   0.194684E+08   0.194133E+08   0.158262E+08   0.158313E+08   0.158313E+08   0.158391E+08  -0.536579E+00   0.115405E+08   0.115405E+08   0.121117E+03
   0.159514E-03   0.158305E+08   0.158303E+08   0.191242E+08   0.190581E+08   0.158236E+08   0.158304E+08   0.158304E+08   0.158381E+08  -0.536542E+00   0.115399E+08   0.115398E+08   0.133015E+03
   0.176132E-03   0.158294E+08   0.158292E+08   0.187124E+08   0.186331E+08   0.158204E+08   0.158293E+08   0.158294E+08   0.158368E+08  -0.536497E+00   0.115391E+08   0.115390E+08   0.145912E+03
   0.194481E-03   0.158281E+08   0.158279E+08   0.182217E+08   0.181269E+08   0.158165E+08   0.158280E+08   0.158281E+08   0.158353E+08  -0.536443E+00   0.115382E+08   0.115380E+08   0.159833E+03
   0.214742E-03   0.158265E+08   0.158263E+08   0.176399E+08   0.175272E+08   0.158118E+08   0.158264E+08   0.158265E+08   0.158335E+08  -0.536376E+00   0.115370E+08   0.115369E+08   0.174781E+03
   0.237114E-03   0.158246E+08   0.158243E+08   0.169544E+08   0.168211E+08   0.158060E+08   0.158245E+08   0.158246E+08   0.158312E+08  -0.536295E+00   0.115356E+08   0.115354E+08   0.190729E+03
   0.261817E-03   0.158223E+08   0.158219E+08   0.161530E+08   0.159965E+08   0.157989E+08   0.158221E+08   0.158222E+08   0.158285E+08  -0.536196E+00   0.115338E+08   0.115336E+08   0.207610E+03
   0.289093E-03   0.158194E+08   0.158189E+08   0.152250E+08   0.150426E+08   0.157903E+08   0.158192E+08   0.158193E+08   0.158253E+08  -0.536078E+00   0.115317E+08   0.115315E+08   0.225302E+03
   0.319211E-03   0.158159E+08   0.158154E+08   0.141627E+08   0.139524E+08   0.157799E+08   0.158157E+08   0.158158E+08   0.158213E+08  -0.535934E+00   0.115291E+08   0.115289E+08   0.243610E+03
   0.352466E-03   0.158117E+08   0.158110E+08   0.129645E+08   0.127250E+08   0.157672E+08   0.158114E+08   0.158116E+08   0.158165E+08  -0.535762E+00   0.115260E+08   0.115257E+08   0.262258E+03
   0.389186E-03   0.158066E+08   0.158058E+08   0.116370E+08   0.113685E+08   0.157518E+08   0.158062E+08   0.158065E+08   0.158108E+08  -0.535556E+00   0.115222E+08   0.115218E+08   0.280864E+03
   0.429732E-03   0.158004E+08   0.157995E+08   0.101992E+08   0.990397E+07   0.157332E+08   0.157999E+08   0.158003E+08   0.158040E+08  -0.535309E+00   0.115177E+08   0.115172E+08   0.298931E+03
   0.474501E-03   0.157930E+08   0.157919E+08   0.868554E+07   0.836853E+07   0.157107E+08   0.157924E+08   0.157928E+08   0.157959E+08  -0.535017E+00   0.115121E+08   0.115116E+08   0.315842E+03
   0.523935E-03   0.157841E+08   0.157828E+08   0.714822E+07   0.681793E+07   0.156835E+08   0.157834E+08   0.157839E+08   0.157862E+08  -0.534671E+00   0.115055E+08   0.115049E+08   0.330868E+03
   0.578519E-03   0.157735E+08   0.157719E+08   0.565710E+07   0.532570E+07   0.156508E+08   0.157726E+08   0.157732E+08   0.157748E+08  -0.534265E+00   0.114976E+08   0.114969E+08   0.343194E+03
   0.638789E-03   0.157608E+08   0.157590E+08   0.429435E+07   0.397737E+07   0.156114E+08   0.157598E+08   0.157605E+08   0.157615E+08  -0.533789E+00   0.114882E+08   0.114874E+08   0.351979E+03
   0.705338E-03   0.157458E+08   0.157437E+08   0.314245E+07   0.285727E+07   0.155643E+08   0.157446E+08   0.157454E+08   0.157458E+08  -0.533234E+00   0.114770E+08   0.114761E+08   0.356443E+03
   0.778821E-03   0.157280E+08   0.157257E+08   0.226450E+07   0.202755E+07   0.155080E+08   0.157266E+08   0.157276E+08   0.157275E+08  -0.532590E+00   0.114638E+08   0.114628E+08   0.355983E+03
   0.859958E-03   0.157072E+08   0.157045E+08   0.168042E+07   0.150314E+07   0.154411E+08   0.157055E+08   0.157067E+08   0.157061E+08  -0.531845E+00   0.114483E+08   0.114472E+08   0.350291E+03
   0.949549E-03   0.156827E+08   0.156798E+08   0.134834E+07   0.123306E+07   0.153617E+08   0.156807E+08   0.156822E+08   0.156813E+08  -0.530986E+00   0.114301E+08   0.114290E+08   0.339447E+03
   0.104847E-02   0.156543E+08   0.156511E+08   0.116720E+07   0.110489E+07   0.152681E+08   0.156519E+08   0.156537E+08   0.156524E+08  -0.529993E+00   0.114090E+08   0.114078E+08   0.323938E+03
   0.115770E-02   0.156212E+08   0.156178E+08   0.101436E+07   0.986654E+06   0.151583E+08   0.156184E+08   0.156206E+08   0.156189E+08  -0.528849E+00   0.113845E+08   0.113833E+08   0.304569E+03
   0.127831E-02   0.155830E+08   0.155794E+08   0.812672E+06   0.798777E+06   0.150302E+08   0.155797E+08   0.155824E+08   0.155801E+08  -0.527529E+00   0.113562E+08   0.113549E+08   0.282302E+03
   0.141149E-02   0.155388E+08   0.155351E+08   0.583131E+06   0.568500E+06   0.148826E+08   0.155351E+08   0.155382E+08   0.155353E+08  -0.526009E+00   0.113236E+08   0.113223E+08   0.258120E+03
   0.155854E-02   0.154881E+08   0.154843E+08   0.416870E+06   0.397200E+06   0.147138E+08   0.154838E+08   0.154874E+08   0.154839E+08  -0.524264E+00   0.112862E+08   0.112849E+08   0.233033E+03
   0.172091E-02   0.154299E+08   0.154261E+08   0.357932E+06   0.195959E+06   0.145222E+08   0.154250E+08   0.154293E+08   0.154251E+08  -0.522266E+00   0.112434E+08   0.112421E+08   0.208201E+03
   0.190019E-02   0.153634E+08   0.153597E+08   0.327796E+06   0.160031E+06   0.143072E+08   0.153578E+08   0.153628E+08   0.153579E+08  -0.519988E+00   0.111945E+08   0.111932E+08   0.184923E+03
   0.209815E-02   0.152878E+08   0.152840E+08   0.241950E+06   0.130605E+06   0.140684E+08   0.152814E+08   0.152871E+08   0.152814E+08  -0.517397E+00   0.111388E+08   0.111376E+08   0.164284E+03
   0.231674E-02   0.152019E+08   0.151981E+08   0.161022E+06   0.106514E+06   0.138058E+08   0.151947E+08   0.152013E+08   0.151947E+08  -0.514458E+00   0.110757E+08   0.110745E+08   0.146732E+03
   0.255810E-02   0.151048E+08   0.151009E+08   0.147052E+06   0.867959E+05   0.135199E+08   0.150967E+08   0.151042E+08   0.150967E+08  -0.511138E+00   0.110044E+08   0.110032E+08   0.132103E+03
   0.282460E-02   0.149956E+08   0.149914E+08   0.118398E+06   0.706660E+05   0.132116E+08   0.149864E+08   0.149949E+08   0.149865E+08  -0.507403E+00   0.109242E+08   0.109230E+08   0.119813E+03
   0.311887E-02   0.148730E+08   0.148687E+08   0.877206E+05   0.574779E+05   0.128808E+08   0.148628E+08   0.148723E+08   0.148629E+08  -0.503218E+00   0.108343E+08   0.108331E+08   0.108893E+03
   0.344379E-02   0.147361E+08   0.147315E+08   0.793889E+05   0.467013E+05   0.125275E+08   0.147249E+08   0.147354E+08   0.147250E+08  -0.498547E+00   0.107339E+08   0.107327E+08   0.985293E+02
   0.380257E-02   0.145840E+08   0.145791E+08   0.513941E+05   0.379012E+05   0.121511E+08   0.145716E+08   0.145831E+08   0.145716E+08  -0.493355E+00   0.106224E+08   0.106212E+08   0.885730E+02
   0.419872E-02   0.144154E+08   0.144102E+08   0.452288E+05   0.307201E+05   0.117510E+08   0.144019E+08   0.144145E+08   0.144019E+08  -0.487608E+00   0.104989E+08   0.104978E+08   0.793758E+02
   0.463615E-02   0.142294E+08   0.142237E+08   0.324029E+05   0.248651E+05   0.113271E+08   0.142147E+08   0.142284E+08   0.142147E+08  -0.481269E+00   0.103627E+08   0.103616E+08   0.713477E+02
   0.511914E-02   0.140249E+08   0.140187E+08   0.251851E+05   0.200956E+05   0.108806E+08   0.140090E+08   0.140239E+08   0.140090E+08  -0.474303E+00   0.102131E+08   0.102119E+08   0.643670E+02
   0.565246E-02   0.138013E+08   0.137945E+08   0.256580E+05   0.162143E+05   0.103898E+08   0.137840E+08   0.138002E+08   0.137841E+08  -0.466688E+00   0.100495E+08   0.100483E+08   0.579932E+02
   0.624133E-02   0.135568E+08   0.135493E+08   0.205939E+05   0.130587E+05   0.988554E+07   0.135381E+08   0.135555E+08   0.135381E+08  -0.458361E+00   0.987054E+07   0.986940E+07   0.520950E+02
   0.689155E-02   0.132906E+08   0.132822E+08   0.141895E+05   0.104964E+05   0.935571E+07   0.132705E+08   0.132891E+08   0.132705E+08  -0.449300E+00   0.967581E+07   0.967468E+07   0.468734E+02
   0.760952E-02   0.130016E+08   0.129922E+08   0.113956E+05   0.841856E+04   0.880792E+07   0.129802E+08   0.130000E+08   0.129802E+08  -0.439471E+00   0.946454E+07   0.946342E+07   0.422558E+02
   0.840228E-02   0.126890E+08   0.126782E+08   0.980541E+04   0.673594E+04   0.825117E+07   0.126662E+08   0.126872E+08   0.126662E+08  -0.428838E+00   0.923597E+07   0.923485E+07   0.380640E+02
   0.927763E-02   0.123515E+08   0.123393E+08   0.709931E+04   0.537543E+04   0.768558E+07   0.123274E+08   0.123495E+08   0.123274E+08  -0.417369E+00   0.898941E+07   0.898829E+07   0.343430E+02
   0.102442E-01   0.119885E+08   0.119745E+08   0.492423E+04   0.427721E+04   0.710995E+07   0.119631E+08   0.119861E+08   0.119631E+08  -0.405033E+00   0.872416E+07   0.872305E+07   0.310280E+02
   0.113114E-01   0.115988E+08   0.115827E+08   0.409630E+04   0.339235E+04   0.653031E+07   0.115721E+08   0.115961E+08   0.115721E+08  -0.391795E+00   0.843950E+07   0.843839E+07   0.280738E+02
   0.124898E-01   0.111814E+08   0.111630E+08   0.279079E+04   0.268083E+04   0.595414E+07   0.111536E+08   0.111783E+08   0.111536E+08  -0.377627E+00   0.813477E+07   0.813366E+07   0.254493E+02
   0.137910E-01   0.107358E+08   0.107146E+08   0.272272E+04   0.210998E+04   0.538624E+07   0.107070E+08   0.107323E+08   0.107070E+08  -0.362504E+00   0.780946E+07   0.780835E+07   0.231139E+02
   0.152278E-01   0.102615E+08   0.102372E+08   0.204336E+04   0.165315E+04   0.482849E+07   0.102317E+08   0.102574E+08   0.102317E+08  -0.346413E+00   0.746327E+07   0.746215E+07   0.210295E+02
   0.168142E-01   0.976973E+07   0.974206E+07   0.146208E+04   0.129014E+04   0.429436E+07   0.973919E+07   0.976508E+07   0.973919E+07  -0.329739E+00   0.710447E+07   0.710334E+07   0.191757E+02
   0.185659E-01   0.924129E+07   0.920992E+07   0.111376E+04   0.100029E+04   0.377788E+07   0.921019E+07   0.923603E+07   0.921019E+07  -0.311828E+00   0.671900E+07   0.671787E+07   0.174845E+02
   0.205001E-01   0.868752E+07   0.865228E+07   0.836935E+03   0.770770E+03   0.328855E+07   0.865608E+07   0.868161E+07   0.865608E+07  -0.293068E+00   0.631517E+07   0.631403E+07   0.159314E+02
   0.226359E-01   0.810386E+07   0.806473E+07   0.675144E+03   0.589316E+03   0.282758E+07   0.807235E+07   0.809729E+07   0.807235E+07  -0.273304E+00   0.588967E+07   0.588853E+07   0.144701E+02
   0.249941E-01   0.751116E+07   0.746837E+07   0.460555E+03   0.447700E+03   0.240496E+07   0.747984E+07   0.750398E+07   0.747984E+07  -0.253244E+00   0.545772E+07   0.545657E+07   0.130761E+02
   0.275980E-01   0.691636E+07   0.687048E+07   0.371086E+03   0.337894E+03   0.202287E+07   0.688553E+07   0.690866E+07   0.688553E+07  -0.233123E+00   0.502438E+07   0.502325E+07   0.117131E+02
   0.304731E-01   0.632201E+07   0.627402E+07   0.337712E+03   0.253156E+03   0.168138E+07   0.629203E+07   0.631396E+07   0.629203E+07  -0.213028E+00   0.459158E+07   0.459048E+07   0.103453E+02
   0.336478E-01   0.574429E+07   0.569562E+07   0.214277E+03   0.188544E+03   0.138292E+07   0.571552E+07   0.573612E+07   0.571552E+07  -0.193509E+00   0.417111E+07   0.417006E+07   0.895753E+01
   0.371533E-01   0.520417E+07   0.515671E+07   0.149057E+03   0.140024E+03   0.112914E+07   0.517696E+07   0.519621E+07   0.517696E+07  -0.175276E+00   0.377828E+07   0.377730E+07   0.755328E+01
   0.410239E-01   0.471520E+07   0.467110E+07   0.125119E+03   0.104008E+03   0.917936E+06   0.468986E+07   0.470780E+07   0.468986E+07  -0.158784E+00   0.342296E+07   0.342208E+07   0.615388E+01
   0.451263E-01   0.430238E+07   0.426352E+07   0.809938E+02   0.784062E+02   0.751625E+06   0.427908E+07   0.429585E+07   0.427908E+07  -0.144876E+00   0.312328E+07   0.312251E+07   0.485756E+01
   0.492287E-01   0.398129E+07   0.394855E+07   0.629677E+02   0.609554E+02   0.627948E+06   0.395995E+07   0.397579E+07   0.395995E+07  -0.134071E+00   0.289045E+07   0.288980E+07   0.377300E+01
   0.533311E-01   0.372324E+07   0.369664E+07   0.501718E+02   0.485681E+02   0.533052E+06   0.370370E+07   0.371878E+07   0.370370E+07  -0.125396E+00   0.270349E+07   0.270295E+07   0.290773E+01
   0.574334E-01   0.350644E+07   0.348524E+07   0.407399E+02   0.394374E+02   0.457889E+06   0.348847E+07   0.350288E+07   0.348847E+07  -0.118109E+00   0.254645E+07   0.254600E+07   0.225731E+01
   0.615358E-01   0.331435E+07   0.329728E+07   0.335434E+02   0.324708E+02   0.396480E+06   0.329769E+07   0.331149E+07   0.329769E+07  -0.111649E+00   0.240725E+07   0.240686E+07   0.180290E+01
   0.656382E-01   0.313237E+07   0.311794E+07   0.278603E+02   0.269693E+02   0.344590E+06   0.311677E+07   0.312995E+07   0.311677E+07  -0.105524E+00   0.227523E+07   0.227488E+07   0.151256E+01
   0.697406E-01   0.295129E+07   0.293802E+07   0.232488E+02   0.225052E+02   0.299633E+06   0.293652E+07   0.294906E+07   0.293652E+07  -0.994214E-01   0.214369E+07   0.214336E+07   0.134722E+01
   0.738430E-01   0.277265E+07   0.275931E+07   0.194781E+02   0.188549E+02   0.260639E+06   0.275853E+07   0.277041E+07   0.275853E+07  -0.933952E-01   0.201380E+07   0.201347E+07   0.126755E+01
   0.779454E-01   0.259108E+07   0.257686E+07   0.163326E+02   0.158100E+02   0.226189E+06   0.257751E+07   0.258869E+07   0.257751E+07  -0.872663E-01   0.188168E+07   0.188134E+07   0.123282E+01
   0.820478E-01   0.241560E+07   0.240015E+07   0.137378E+02   0.132983E+02   0.196367E+06   0.240251E+07   0.241300E+07   0.240251E+07  -0.813414E-01   0.175396E+07   0.175361E+07   0.121297E+01
   0.861502E-01   0.225137E+07   0.223478E+07   0.116101E+02   0.112386E+02   0.170870E+06   0.223875E+07   0.224859E+07   0.223875E+07  -0.757971E-01   0.163443E+07   0.163408E+07   0.118517E+01
   0.912715E-01   0.206875E+07   0.205137E+07   0.950173E+01   0.919763E+01   0.144598E+06   0.205674E+07   0.206583E+07   0.205674E+07  -0.696347E-01   0.150158E+07   0.150122E+07   0.112015E+01
   0.963928E-01   0.191677E+07   0.189963E+07   0.789145E+01   0.763886E+01   0.123820E+06   0.190542E+07   0.191390E+07   0.190542E+07  -0.645116E-01   0.139113E+07   0.139078E+07   0.101663E+01
   0.101514E+00   0.179739E+07   0.178152E+07   0.667168E+01   0.645812E+01   0.107657E+06   0.178674E+07   0.179473E+07   0.178674E+07  -0.604935E-01   0.130449E+07   0.130418E+07   0.884651E+00
   0.106635E+00   0.170618E+07   0.169231E+07   0.573970E+01   0.555596E+01   0.950394E+05   0.169624E+07   0.170385E+07   0.169624E+07  -0.574293E-01   0.123843E+07   0.123815E+07   0.742561E+00
   0.111757E+00   0.163389E+07   0.162230E+07   0.500490E+01   0.484467E+01   0.848727E+05   0.162462E+07   0.163194E+07   0.162462E+07  -0.550046E-01   0.118615E+07   0.118591E+07   0.609734E+00
   0.116878E+00   0.157045E+07   0.156093E+07   0.439881E+01   0.425797E+01   0.762626E+05   0.156179E+07   0.156886E+07   0.156179E+07  -0.528774E-01   0.114028E+07   0.114007E+07   0.501175E+00
   0.121999E+00   0.150796E+07   0.149995E+07   0.387690E+01   0.375277E+01   0.686119E+05   0.149981E+07   0.150662E+07   0.149981E+07  -0.507788E-01   0.109503E+07   0.109485E+07   0.424512E+00
   0.127121E+00   0.144175E+07   0.143453E+07   0.341403E+01   0.330471E+01   0.615910E+05   0.143401E+07   0.144054E+07   0.143401E+07  -0.485511E-01   0.104700E+07   0.104683E+07   0.379451E+00
   0.132242E+00   0.137056E+07   0.136345E+07   0.299868E+01   0.290266E+01   0.550784E+05   0.136315E+07   0.136937E+07   0.136315E+07  -0.461518E-01   0.995264E+06   0.995098E+06   0.359362E+00
   0.137363E+00   0.129595E+07   0.128846E+07   0.262753E+01   0.254339E+01   0.490806E+05   0.128880E+07   0.129469E+07   0.128880E+07  -0.436347E-01   0.940989E+06   0.940819E+06   0.354138E+00
   0.142484E+00   0.122130E+07   0.121324E+07   0.230092E+01   0.222724E+01   0.436646E+05   0.121438E+07   0.121995E+07   0.121438E+07  -0.411152E-01   0.886664E+06   0.886488E+06   0.353319E+00
   0.147606E+00   0.115087E+07   0.114232E+07   0.201998E+01   0.195529E+01   0.389077E+05   0.114418E+07   0.114944E+07   0.114418E+07  -0.387384E-01   0.835413E+06   0.835233E+06   0.348647E+00
   0.152727E+00   0.108865E+07   0.107990E+07   0.178450E+01   0.172735E+01   0.348568E+05   0.108220E+07   0.108718E+07   0.108220E+07  -0.366398E-01   0.790161E+06   0.789982E+06   0.335505E+00
   0.157848E+00   0.103685E+07   0.102829E+07   0.159098E+01   0.154002E+01   0.314903E+05   0.103066E+07   0.103541E+07   0.103066E+07  -0.348948E-01   0.752534E+06   0.752361E+06   0.313090E+00
   0.162970E+00   0.995134E+06   0.987123E+06   0.143252E+01   0.138664E+01   0.287100E+05   0.989221E+06   0.993789E+06   0.989221E+06  -0.334919E-01   0.722281E+06   0.722119E+06   0.283652E+00
   0.168091E+00   0.961301E+06   0.954071E+06   0.130088E+01   0.125921E+01   0.263815E+05   0.955668E+06   0.960087E+06   0.955668E+06  -0.323559E-01   0.697783E+06   0.697635E+06   0.251230E+00
   0.173212E+00   0.932507E+06   0.926128E+06   0.118852E+01   0.115045E+01   0.243741E+05   0.927143E+06   0.931436E+06   0.927143E+06  -0.313901E-01   0.676956E+06   0.676823E+06   0.220241E+00
   0.178334E+00   0.905868E+06   0.900247E+06   0.108931E+01   0.105442E+01   0.225782E+05   0.900748E+06   0.904924E+06   0.900748E+06  -0.304965E-01   0.657684E+06   0.657563E+06   0.194232E+00
   0.183455E+00   0.878743E+06   0.873672E+06   0.998574E+00   0.966588E+00   0.209078E+05   0.873835E+06   0.877891E+06   0.873835E+06  -0.295853E-01   0.638035E+06   0.637923E+06   0.175103E+00
   0.188576E+00   0.849430E+06   0.844652E+06   0.913551E+00   0.884288E+00   0.193125E+05   0.844703E+06   0.848628E+06   0.844703E+06  -0.285990E-01   0.616765E+06   0.616658E+06   0.162957E+00
   0.193698E+00   0.817751E+06   0.813027E+06   0.833547E+00   0.806846E+00   0.177835E+05   0.813175E+06   0.816958E+06   0.813175E+06  -0.275316E-01   0.593747E+06   0.593641E+06   0.156449E+00
   0.198819E+00   0.784771E+06   0.779940E+06   0.759180E+00   0.734861E+00   0.163392E+05   0.780327E+06   0.783960E+06   0.780327E+06  -0.264194E-01   0.569765E+06   0.569658E+06   0.153380E+00
   0.203940E+00   0.752000E+06   0.746998E+06   0.691322E+00   0.669177E+00   0.150035E+05   0.747676E+06   0.751160E+06   0.747676E+06  -0.253140E-01   0.545927E+06   0.545819E+06   0.151361E+00
   0.209061E+00   0.720910E+06   0.715772E+06   0.630601E+00   0.610400E+00   0.137953E+05   0.716705E+06   0.720048E+06   0.716705E+06  -0.242654E-01   0.523315E+06   0.523206E+06   0.148420E+00
   0.214183E+00   0.692747E+06   0.687579E+06   0.577288E+00   0.558795E+00   0.127255E+05   0.688665E+06   0.691879E+06   0.688665E+06  -0.233160E-01   0.502842E+06   0.502735E+06   0.143395E+00
   0.219304E+00   0.668259E+06   0.663196E+06   0.531157E+00   0.514142E+00   0.117943E+05   0.664306E+06   0.667409E+06   0.664306E+06  -0.224913E-01   0.485057E+06   0.484953E+06   0.136039E+00
   0.224425E+00   0.647445E+06   0.642614E+06   0.491399E+00   0.475657E+00   0.109878E+05   0.643625E+06   0.646634E+06   0.643625E+06  -0.217911E-01   0.469957E+06   0.469858E+06   0.126871E+00
   0.229547E+00   0.629620E+06   0.625105E+06   0.456805E+00   0.442171E+00   0.102828E+05   0.625935E+06   0.628862E+06   0.625935E+06  -0.211922E-01   0.457040E+06   0.456947E+06   0.116876E+00
   0.234668E+00   0.613740E+06   0.609566E+06   0.426085E+00   0.412435E+00   0.965285E+04   0.610184E+06   0.613040E+06   0.610184E+06  -0.206589E-01   0.445540E+06   0.445452E+06   0.107164E+00
   0.239789E+00   0.598695E+06   0.594831E+06   0.398097E+00   0.385343E+00   0.907437E+04   0.595259E+06   0.598046E+06   0.595259E+06  -0.201536E-01   0.434642E+06   0.434559E+06   0.986645E-01
   0.244911E+00   0.583545E+06   0.579920E+06   0.371977E+00   0.360060E+00   0.852925E+04   0.580218E+06   0.582936E+06   0.580218E+06  -0.196443E-01   0.423660E+06   0.423581E+06   0.919228E-01
   0.250032E+00   0.567741E+06   0.564264E+06   0.347231E+00   0.336107E+00   0.800714E+04   0.564511E+06   0.567157E+06   0.564511E+06  -0.191126E-01   0.412191E+06   0.412115E+06   0.870374E-01
   0.255153E+00   0.551219E+06   0.547804E+06   0.323721E+00   0.313350E+00   0.750594E+04   0.548075E+06   0.550646E+06   0.548075E+06  -0.185561E-01   0.400191E+06   0.400116E+06   0.837176E-01
   0.260274E+00   0.534296E+06   0.530884E+06   0.301542E+00   0.291881E+00   0.702853E+04   0.531230E+06   0.533723E+06   0.531230E+06  -0.179858E-01   0.387892E+06   0.387818E+06   0.814229E-01
   0.265396E+00   0.517478E+06   0.514041E+06   0.280871E+00   0.271873E+00   0.657998E+04   0.514485E+06   0.516901E+06   0.514485E+06  -0.174189E-01   0.375666E+06   0.375592E+06   0.795354E-01
   0.270517E+00   0.501312E+06   0.497859E+06   0.261877E+00   0.253487E+00   0.616501E+04   0.498391E+06   0.500732E+06   0.498391E+06  -0.168740E-01   0.363915E+06   0.363842E+06   0.775205E-01
   0.275638E+00   0.486274E+06   0.482838E+06   0.244660E+00   0.236822E+00   0.578681E+04   0.483426E+06   0.485697E+06   0.483426E+06  -0.163673E-01   0.352989E+06   0.352916E+06   0.750366E-01
   0.280760E+00   0.472649E+06   0.469275E+06   0.229204E+00   0.221860E+00   0.544586E+04   0.469874E+06   0.472083E+06   0.469874E+06  -0.159085E-01   0.343094E+06   0.343023E+06   0.719747E-01
   0.285881E+00   0.460452E+06   0.457184E+06   0.215360E+00   0.208460E+00   0.513932E+04   0.457751E+06   0.459903E+06   0.457751E+06  -0.154980E-01   0.334242E+06   0.334173E+06   0.684349E-01
   0.291002E+00   0.449462E+06   0.446331E+06   0.202890E+00   0.196389E+00   0.486218E+04   0.446835E+06   0.448936E+06   0.446835E+06  -0.151284E-01   0.326271E+06   0.326205E+06   0.646581E-01
   0.296124E+00   0.439331E+06   0.436349E+06   0.191521E+00   0.185385E+00   0.460844E+04   0.436775E+06   0.438830E+06   0.436775E+06  -0.147878E-01   0.318926E+06   0.318862E+06   0.609380E-01
   0.301245E+00   0.429675E+06   0.426834E+06   0.181002E+00   0.175203E+00   0.437248E+04   0.427188E+06   0.429198E+06   0.427188E+06  -0.144632E-01   0.311925E+06   0.311865E+06   0.575366E-01
   0.306366E+00   0.420159E+06   0.417435E+06   0.171129E+00   0.165646E+00   0.414971E+04   0.417735E+06   0.419702E+06   0.417735E+06  -0.141432E-01   0.305023E+06   0.304965E+06   0.546240E-01
   0.311487E+00   0.410559E+06   0.407920E+06   0.161766E+00   0.156583E+00   0.393710E+04   0.408193E+06   0.410116E+06   0.408193E+06  -0.138201E-01   0.298056E+06   0.297999E+06   0.522524E-01
   0.316609E+00   0.400807E+06   0.398224E+06   0.152854E+00   0.147957E+00   0.373348E+04   0.398496E+06   0.400373E+06   0.398496E+06  -0.134918E-01   0.290975E+06   0.290920E+06   0.503655E-01
   0.321730E+00   0.390984E+06   0.388433E+06   0.144396E+00   0.139770E+00   0.353905E+04   0.388724E+06   0.390556E+06   0.388724E+06  -0.131610E-01   0.283841E+06   0.283786E+06   0.488299E-01
   0.326851E+00   0.381262E+06   0.378730E+06   0.136424E+00   0.132053E+00   0.335484E+04   0.379051E+06   0.380837E+06   0.379051E+06  -0.128335E-01   0.276778E+06   0.276723E+06   0.474794E-01
   0.331973E+00   0.371833E+06   0.369319E+06   0.128973E+00   0.124841E+00   0.318188E+04   0.369668E+06   0.371411E+06   0.369668E+06  -0.125158E-01   0.269927E+06   0.269873E+06   0.461594E-01
   0.337094E+00   0.362862E+06   0.360375E+06   0.122063E+00   0.118152E+00   0.302084E+04   0.360743E+06   0.362444E+06   0.360743E+06  -0.122136E-01   0.263410E+06   0.263357E+06   0.447602E-01
   0.342215E+00   0.354452E+06   0.352007E+06   0.115691E+00   0.111984E+00   0.287184E+04   0.352380E+06   0.354042E+06   0.352380E+06  -0.119305E-01   0.257303E+06   0.257252E+06   0.432335E-01
   0.347337E+00   0.346629E+06   0.344239E+06   0.109825E+00   0.106306E+00   0.273424E+04   0.344602E+06   0.346227E+06   0.344602E+06  -0.116671E-01   0.251624E+06   0.251574E+06   0.415908E-01
   0.352458E+00   0.339336E+06   0.337014E+06   0.104413E+00   0.101068E+00   0.260693E+04   0.337354E+06   0.338946E+06   0.337354E+06  -0.114217E-01   0.246332E+06   0.246283E+06   0.398875E-01
   0.357579E+00   0.332462E+06   0.330212E+06   0.993900E-01   0.962054E-01   0.248837E+04   0.330524E+06   0.332084E+06   0.330524E+06  -0.111905E-01   0.241345E+06   0.241297E+06   0.382006E-01
   0.362700E+00   0.325875E+06   0.323697E+06   0.946903E-01   0.916563E-01   0.237708E+04   0.323980E+06   0.325509E+06   0.323980E+06  -0.109689E-01   0.236567E+06   0.236520E+06   0.366053E-01
   0.367822E+00   0.319456E+06   0.317341E+06   0.902589E-01   0.873669E-01   0.227174E+04   0.317601E+06   0.319101E+06   0.317601E+06  -0.107530E-01   0.231909E+06   0.231864E+06   0.351566E-01
   0.372943E+00   0.313113E+06   0.311052E+06   0.860542E-01   0.832969E-01   0.217139E+04   0.311297E+06   0.312767E+06   0.311297E+06  -0.105395E-01   0.227306E+06   0.227262E+06   0.338784E-01
   0.378064E+00   0.306802E+06   0.304783E+06   0.820503E-01   0.794213E-01   0.207547E+04   0.305022E+06   0.306463E+06   0.305022E+06  -0.103271E-01   0.222724E+06   0.222681E+06   0.327630E-01
   0.383186E+00   0.300529E+06   0.298543E+06   0.782379E-01   0.757311E-01   0.198376E+04   0.298784E+06   0.300195E+06   0.298784E+06  -0.101159E-01   0.218169E+06   0.218126E+06   0.317785E-01
   0.388307E+00   0.294347E+06   0.292388E+06   0.746198E-01   0.722288E-01   0.189643E+04   0.292635E+06   0.294018E+06   0.292635E+06  -0.990771E-02   0.213680E+06   0.213638E+06   0.308809E-01
   0.393428E+00   0.288320E+06   0.286386E+06   0.712005E-01   0.689191E-01   0.181362E+04   0.286641E+06   0.287996E+06   0.286641E+06  -0.970477E-02   0.209303E+06   0.209262E+06   0.300245E-01
   0.398550E+00   0.282501E+06   0.280593E+06   0.679813E-01   0.658030E-01   0.173543E+04   0.280853E+06   0.282181E+06   0.280853E+06  -0.950881E-02   0.205077E+06   0.205036E+06   0.291732E-01
   0.403671E+00   0.276923E+06   0.275045E+06   0.649583E-01   0.628769E-01   0.166181E+04   0.275307E+06   0.276608E+06   0.275307E+06  -0.932101E-02   0.201027E+06   0.200987E+06   0.283061E-01
   0.408792E+00   0.271606E+06   0.269763E+06   0.621245E-01   0.601339E-01   0.159262E+04   0.270020E+06   0.271296E+06   0.270020E+06  -0.914203E-02   0.197166E+06   0.197127E+06   0.274202E-01
   0.413913E+00   0.266544E+06   0.264740E+06   0.594674E-01   0.575619E-01   0.152760E+04   0.264988E+06   0.266241E+06   0.264988E+06  -0.897167E-02   0.193493E+06   0.193454E+06   0.265263E-01
   0.419035E+00   0.261704E+06   0.259940E+06   0.569693E-01   0.551439E-01   0.146630E+04   0.260178E+06   0.261408E+06   0.260178E+06  -0.880880E-02   0.189980E+06   0.189942E+06   0.256435E-01
   0.424156E+00   0.257036E+06   0.255313E+06   0.546103E-01   0.528605E-01   0.140829E+04   0.255538E+06   0.256747E+06   0.255538E+06  -0.865173E-02   0.186592E+06   0.186556E+06   0.247926E-01
   0.429277E+00   0.252496E+06   0.250810E+06   0.523735E-01   0.506953E-01   0.135313E+04   0.251025E+06   0.252213E+06   0.251025E+06  -0.849893E-02   0.183297E+06   0.183261E+06   0.239906E-01
   0.434399E+00   0.248051E+06   0.246401E+06   0.502456E-01   0.486356E-01   0.130052E+04   0.246608E+06   0.247774E+06   0.246608E+06  -0.834936E-02   0.180071E+06   0.180036E+06   0.232474E-01
   0.439520E+00   0.243683E+06   0.242063E+06   0.482171E-01   0.466721E-01   0.125023E+04   0.242265E+06   0.243411E+06   0.242265E+06  -0.820232E-02   0.176900E+06   0.176865E+06   0.225640E-01
   0.444641E+00   0.239381E+06   0.237788E+06   0.462810E-01   0.447980E-01   0.120210E+04   0.237988E+06   0.239114E+06   0.237988E+06  -0.805752E-02   0.173777E+06   0.173743E+06   0.219335E-01
   0.449763E+00   0.235152E+06   0.233584E+06   0.444337E-01   0.430099E-01   0.115607E+04   0.233783E+06   0.234889E+06   0.233783E+06  -0.791515E-02   0.170707E+06   0.170673E+06   0.213441E-01
   0.454884E+00   0.231014E+06   0.229468E+06   0.426740E-01   0.413066E-01   0.111211E+04   0.229668E+06   0.230754E+06   0.229668E+06  -0.777582E-02   0.167702E+06   0.167669E+06   0.207825E-01
   0.460005E+00   0.226988E+06   0.225464E+06   0.410016E-01   0.396878E-01   0.107024E+04   0.225664E+06   0.226732E+06   0.225664E+06  -0.764026E-02   0.164778E+06   0.164746E+06   0.202371E-01
   0.465127E+00   0.223088E+06   0.221587E+06   0.394145E-01   0.381515E-01   0.103043E+04   0.221786E+06   0.222836E+06   0.221786E+06  -0.750898E-02   0.161947E+06   0.161915E+06   0.196997E-01
   0.470248E+00   0.219320E+06   0.217843E+06   0.379092E-01   0.366945E-01   0.992591E+03   0.218040E+06   0.219072E+06   0.218040E+06  -0.738214E-02   0.159211E+06   0.159180E+06   0.191670E-01
   0.475369E+00   0.215679E+06   0.214227E+06   0.364810E-01   0.353120E-01   0.956626E+03   0.214420E+06   0.215435E+06   0.214420E+06  -0.725960E-02   0.156569E+06   0.156538E+06   0.186396E-01
   0.480490E+00   0.212158E+06   0.210732E+06   0.351245E-01   0.339990E-01   0.922395E+03   0.210920E+06   0.211919E+06   0.210920E+06  -0.714110E-02   0.154013E+06   0.153983E+06   0.181215E-01
   0.485612E+00   0.208746E+06   0.207346E+06   0.338346E-01   0.327504E-01   0.889786E+03   0.207529E+06   0.208511E+06   0.207529E+06  -0.702626E-02   0.151536E+06   0.151506E+06   0.176184E-01
   0.490733E+00   0.205428E+06   0.204053E+06   0.326054E-01   0.315606E-01   0.858651E+03   0.204230E+06   0.205197E+06   0.204230E+06  -0.691458E-02   0.149128E+06   0.149098E+06   0.171352E-01
   0.495854E+00   0.202186E+06   0.200835E+06   0.314314E-01   0.304242E-01   0.828854E+03   0.201007E+06   0.201959E+06   0.201007E+06  -0.680547E-02   0.146775E+06   0.146746E+06   0.166753E-01
   0.500976E+00   0.199008E+06   0.197679E+06   0.303081E-01   0.293369E-01   0.800295E+03   0.197848E+06   0.198785E+06   0.197848E+06  -0.669852E-02   0.144468E+06   0.144439E+06   0.162396E-01
   0.506097E+00   0.195891E+06   0.194583E+06   0.292326E-01   0.282959E-01   0.772891E+03   0.194749E+06   0.195672E+06   0.194749E+06  -0.659360E-02   0.142205E+06   0.142177E+06   0.158270E-01
   0.511218E+00   0.192837E+06   0.191548E+06   0.282030E-01   0.272993E-01   0.746617E+03   0.191712E+06   0.192620E+06   0.191712E+06  -0.649078E-02   0.139988E+06   0.139960E+06   0.154349E-01
   0.516340E+00   0.189847E+06   0.188577E+06   0.272177E-01   0.263455E-01   0.721420E+03   0.188740E+06   0.189634E+06   0.188740E+06  -0.639014E-02   0.137817E+06   0.137790E+06   0.150593E-01
   0.521461E+00   0.186925E+06   0.185673E+06   0.262748E-01   0.254329E-01   0.697271E+03   0.185834E+06   0.186714E+06   0.185834E+06  -0.629176E-02   0.135695E+06   0.135669E+06   0.146964E-01
   0.526582E+00   0.184073E+06   0.182838E+06   0.253730E-01   0.245600E-01   0.674138E+03   0.182999E+06   0.183866E+06   0.182999E+06  -0.619575E-02   0.133625E+06   0.133598E+06   0.143430E-01
   0.531703E+00   0.181296E+06   0.180080E+06   0.245112E-01   0.237257E-01   0.651989E+03   0.180238E+06   0.181092E+06   0.180238E+06  -0.610229E-02   0.131609E+06   0.131583E+06   0.139975E-01
   0.536825E+00   0.178596E+06   0.177398E+06   0.236876E-01   0.229285E-01   0.630798E+03   0.177554E+06   0.178395E+06   0.177554E+06  -0.601141E-02   0.129649E+06   0.129624E+06   0.136593E-01
   0.541946E+00   0.175969E+06   0.174788E+06   0.229001E-01   0.221662E-01   0.610499E+03   0.174942E+06   0.175771E+06   0.174942E+06  -0.592297E-02   0.127742E+06   0.127717E+06   0.133288E-01
   0.547067E+00   0.173407E+06   0.172245E+06   0.221461E-01   0.214365E-01   0.591043E+03   0.172395E+06   0.173212E+06   0.172395E+06  -0.583675E-02   0.125882E+06   0.125857E+06   0.130069E-01
   0.559946E+00   0.167231E+06   0.166112E+06   0.203862E-01   0.197330E-01   0.545499E+03   0.166255E+06   0.167043E+06   0.166255E+06  -0.562887E-02   0.121399E+06   0.121375E+06   0.122436E-01
   0.593872E+00   0.152428E+06   0.151406E+06   0.165191E-01   0.159898E-01   0.444807E+03   0.151538E+06   0.152256E+06   0.151538E+06  -0.513059E-02   0.110652E+06   0.110631E+06   0.105422E-01
   0.629853E+00   0.138897E+06   0.137967E+06   0.133820E-01   0.129531E-01   0.362430E+03   0.138086E+06   0.138741E+06   0.138086E+06  -0.467515E-02   0.100830E+06   0.100810E+06   0.906073E-02
   0.879031E+00   0.813060E+05   0.807619E+05   0.402169E-02   0.389281E-02   0.111691E+03   0.808308E+05   0.812147E+05   0.808308E+05  -0.273668E-02   0.590227E+05   0.590110E+05   0.383569E-02
   0.122679E+01   0.470015E+05   0.466869E+05   0.119360E-02   0.115536E-02   0.336531E+02   0.467266E+05   0.469487E+05   0.467266E+05  -0.158202E-02   0.341199E+05   0.341130E+05   0.161793E-02
   0.171212E+01   0.268808E+05   0.267008E+05   0.350474E-03   0.339243E-03   0.996747E+01   0.267235E+05   0.268506E+05   0.267235E+05  -0.904775E-03   0.195136E+05   0.195095E+05   0.686673E-03
   0.238945E+01   0.152327E+05   0.151305E+05   0.101966E-03   0.986987E-04   0.291373E+01   0.151436E+05   0.152156E+05   0.151436E+05  -0.512714E-03   0.110579E+05   0.110554E+05   0.297646E-03
   0.333475E+01   0.856384E+04   0.850619E+04   0.294313E-04   0.284882E-04   0.843221E+00   0.851368E+04   0.855416E+04   0.851368E+04  -0.288246E-03   0.621674E+04   0.621517E+04   0.134711E-03
   0.465402E+01   0.478153E+04   0.474911E+04   0.843652E-05   0.816618E-05   0.242019E+00   0.475349E+04   0.477609E+04   0.475349E+04  -0.160938E-03   0.347104E+04   0.346997E+04   0.654447E-04
   0.649521E+01   0.265370E+04   0.263545E+04   0.240375E-05   0.232673E-05   0.690317E-01   0.263809E+04   0.265063E+04   0.263809E+04  -0.893173E-04   0.192637E+04   0.192558E+04   0.349749E-04
   0.906480E+01   0.146499E+04   0.145464E+04   0.681218E-06   0.659392E-06   0.195751E-01   0.145632E+04   0.146325E+04   0.145632E+04  -0.493065E-04   0.106344E+04   0.106279E+04   0.207300E-04
   0.126509E+02   0.804961E+03   0.798982E+03   0.192127E-06   0.185973E-06   0.553083E-02   0.800152E+03   0.803957E+03   0.800152E+03  -0.270906E-04   0.584308E+03   0.583713E+03   0.134473E-04
