#          k/h    CDM            baryon         photon         nu             mass_nu        total          no_nu          total_de       Weyl           v_CDM          v_b            v_b-v_c     
   0.994668E-05   0.125874E+08   0.125874E+08   0.167782E+08   0.167780E+08   0.125908E+08   0.125874E+08   0.125874E+08   0.125964E+08  -0.569021E+00   0.107762E+08   0.107762E+08   0.100537E+02
   0.109829E-04   0.125874E+08   0.125874E+08   0.167771E+08   0.167769E+08   0.125908E+08   0.125874E+08   0.125874E+08   0.125964E+08  -0.569021E+00   0.107762E+08   0.107762E+08   0.111008E+02
   0.121271E-04   0.125874E+08   0.125874E+08   0.167758E+08   0.167755E+08   0.125907E+08   0.125874E+08   0.125874E+08   0.125964E+08  -0.569021E+00   0.107762E+08   0.107762E+08   0.122570E+02
   0.133905E-04   0.125874E+08   0.125874E+08   0.167742E+08   0.167738E+08   0.125907E+08   0.125874E+08   0.125874E+08   0.125964E+08  -0.569021E+00   0.107762E+08   0.107762E+08   0.135335E+02
   0.147856E-04   0.125874E+08   0.125874E+08   0.167722E+08   0.167718E+08   0.125907E+08   0.125874E+08   0.125874E+08   0.125964E+08  -0.569020E+00   0.107762E+08   0.107762E+08   0.149428E+02
   0.163259E-04   0.125874E+08   0.125874E+08   0.167698E+08   0.167693E+08   0.125907E+08   0.125874E+08   0.125874E+08   0.125963E+08  -0.569020E+00   0.107762E+08   0.107761E+08   0.164987E+02
   0.180268E-04   0.125874E+08   0.125874E+08   0.167669E+08   0.167663E+08   0.125907E+08   0.125874E+08   0.125874E+08   0.125963E+08  -0.569020E+00   0.107761E+08   0.107761E+08   0.182165E+02
   0.199048E-04   0.125874E+08   0.125874E+08   0.167633E+08   0.167626E+08   0.125906E+08   0.125874E+08   0.125874E+08   0.125963E+08  -0.569020E+00   0.107761E+08   0.107761E+08   0.201128E+02
   0.219785E-04   0.125874E+08   0.125874E+08   0.167589E+08   0.167580E+08   0.125906E+08   0.125874E+08   0.125874E+08   0.125963E+08  -0.569019E+00   0.107761E+08   0.107761E+08   0.222062E+02
   0.242682E-04   0.125873E+08   0.125873E+08   0.167536E+08   0.167525E+08   0.125906E+08   0.125874E+08   0.125873E+08   0.125963E+08  -0.569018E+00   0.107761E+08   0.107761E+08   0.245170E+02
   0.267965E-04   0.125873E+08   0.125873E+08   0.167471E+08   0.167458E+08   0.125905E+08   0.125873E+08   0.125873E+08   0.125963E+08  -0.569018E+00   0.107761E+08   0.107761E+08   0.270677E+02
   0.295882E-04   0.125873E+08   0.125873E+08   0.167392E+08   0.167376E+08   0.125904E+08   0.125873E+08   0.125873E+08   0.125963E+08  -0.569017E+00   0.107761E+08   0.107761E+08   0.298828E+02
   0.326707E-04   0.125873E+08   0.125873E+08   0.167296E+08   0.167276E+08   0.125903E+08   0.125873E+08   0.125873E+08   0.125962E+08  -0.569015E+00   0.107761E+08   0.107761E+08   0.329895E+02
   0.360743E-04   0.125873E+08   0.125873E+08   0.167179E+08   0.167155E+08   0.125902E+08   0.125873E+08   0.125873E+08   0.125962E+08  -0.569014E+00   0.107761E+08   0.107761E+08   0.364177E+02
   0.398325E-04   0.125872E+08   0.125872E+08   0.167036E+08   0.167006E+08   0.125901E+08   0.125872E+08   0.125872E+08   0.125962E+08  -0.569012E+00   0.107760E+08   0.107760E+08   0.401999E+02
   0.439823E-04   0.125872E+08   0.125872E+08   0.166862E+08   0.166826E+08   0.125899E+08   0.125872E+08   0.125872E+08   0.125961E+08  -0.569009E+00   0.107760E+08   0.107760E+08   0.443722E+02
   0.485644E-04   0.125871E+08   0.125871E+08   0.166650E+08   0.166606E+08   0.125897E+08   0.125872E+08   0.125871E+08   0.125961E+08  -0.569006E+00   0.107760E+08   0.107759E+08   0.489737E+02
   0.536238E-04   0.125871E+08   0.125871E+08   0.166392E+08   0.166338E+08   0.125895E+08   0.125871E+08   0.125871E+08   0.125960E+08  -0.569002E+00   0.107759E+08   0.107759E+08   0.540472E+02
   0.592104E-04   0.125870E+08   0.125870E+08   0.166078E+08   0.166012E+08   0.125892E+08   0.125870E+08   0.125870E+08   0.125959E+08  -0.568997E+00   0.107758E+08   0.107758E+08   0.596394E+02
   0.653789E-04   0.125869E+08   0.125869E+08   0.165695E+08   0.165615E+08   0.125888E+08   0.125869E+08   0.125869E+08   0.125958E+08  -0.568992E+00   0.107757E+08   0.107757E+08   0.658009E+02
   0.721901E-04   0.125868E+08   0.125867E+08   0.165230E+08   0.165133E+08   0.125884E+08   0.125868E+08   0.125868E+08   0.125956E+08  -0.568984E+00   0.107756E+08   0.107756E+08   0.725865E+02
   0.797109E-04   0.125866E+08   0.125866E+08   0.164664E+08   0.164547E+08   0.125878E+08   0.125866E+08   0.125866E+08   0.125954E+08  -0.568975E+00   0.107755E+08   0.107755E+08   0.800550E+02
   0.880152E-04   0.125864E+08   0.125864E+08   0.163977E+08   0.163834E+08   0.125871E+08   0.125864E+08   0.125864E+08   0.125952E+08  -0.568964E+00   0.107753E+08   0.107753E+08   0.882695E+02
   0.971847E-04   0.125862E+08   0.125861E+08   0.163143E+08   0.162970E+08   0.125863E+08   0.125862E+08   0.125862E+08   0.125949E+08  -0.568950E+00   0.107751E+08   0.107751E+08   0.972964E+02
   0.107309E-03   0.125859E+08   0.125858E+08   0.162132E+08   0.161921E+08   0.125853E+08   0.125859E+08   0.125859E+08   0.125945E+08  -0.568933E+00   0.107749E+08   0.107748E+08   0.107206E+03
   0.118489E-03   0.125855E+08   0.125855E+08   0.160907E+08   0.160651E+08   0.125840E+08   0.125855E+08   0.125855E+08   0.125941E+08  -0.568913E+00   0.107746E+08   0.107745E+08   0.118070E+03
   0.130833E-03   0.125851E+08   0.125850E+08   0.159425E+08   0.159116E+08   0.125825E+08   0.125851E+08   0.125851E+08   0.125936E+08  -0.568887E+00   0.107742E+08   0.107741E+08   0.129962E+03
   0.144463E-03   0.125846E+08   0.125844E+08   0.157637E+08   0.157262E+08   0.125806E+08   0.125845E+08   0.125845E+08   0.125929E+08  -0.568856E+00   0.107737E+08   0.107736E+08   0.142954E+03
   0.159514E-03   0.125839E+08   0.125838E+08   0.155481E+08   0.155029E+08   0.125784E+08   0.125838E+08   0.125839E+08   0.125921E+08  -0.568818E+00   0.107731E+08   0.107731E+08   0.157113E+03
   0.176132E-03   0.125831E+08   0.125829E+08   0.152892E+08   0.152348E+08   0.125756E+08   0.125830E+08   0.125830E+08   0.125912E+08  -0.568772E+00   0.107724E+08   0.107723E+08   0.172501E+03
   0.194481E-03   0.125821E+08   0.125819E+08   0.149790E+08   0.149137E+08   0.125722E+08   0.125820E+08   0.125820E+08   0.125900E+08  -0.568716E+00   0.107716E+08   0.107715E+08   0.189162E+03
   0.214742E-03   0.125809E+08   0.125806E+08   0.146090E+08   0.145309E+08   0.125681E+08   0.125808E+08   0.125808E+08   0.125886E+08  -0.568647E+00   0.107705E+08   0.107704E+08   0.207123E+03
   0.237114E-03   0.125794E+08   0.125791E+08   0.141698E+08   0.140766E+08   0.125631E+08   0.125793E+08   0.125793E+08   0.125868E+08  -0.568563E+00   0.107693E+08   0.107691E+08   0.226378E+03
   0.261817E-03   0.125776E+08   0.125772E+08   0.136515E+08   0.135410E+08   0.125569E+08   0.125774E+08   0.125775E+08   0.125847E+08  -0.568462E+00   0.107677E+08   0.107675E+08   0.246881E+03
   0.289093E-03   0.125754E+08   0.125750E+08   0.130443E+08   0.129141E+08   0.125495E+08   0.125752E+08   0.125753E+08   0.125821E+08  -0.568339E+00   0.107658E+08   0.107655E+08   0.268525E+03
   0.319211E-03   0.125727E+08   0.125722E+08   0.123394E+08   0.121871E+08   0.125405E+08   0.125724E+08   0.125726E+08   0.125790E+08  -0.568191E+00   0.107635E+08   0.107631E+08   0.291132E+03
   0.352466E-03   0.125694E+08   0.125689E+08   0.115301E+08   0.113536E+08   0.125295E+08   0.125691E+08   0.125693E+08   0.125753E+08  -0.568012E+00   0.107607E+08   0.107603E+08   0.314422E+03
   0.389186E-03   0.125655E+08   0.125648E+08   0.106137E+08   0.104115E+08   0.125161E+08   0.125651E+08   0.125654E+08   0.125708E+08  -0.567798E+00   0.107572E+08   0.107568E+08   0.338001E+03
   0.429732E-03   0.125607E+08   0.125599E+08   0.959362E+07   0.936524E+07   0.125000E+08   0.125603E+08   0.125606E+08   0.125654E+08  -0.567541E+00   0.107531E+08   0.107526E+08   0.361332E+03
   0.474501E-03   0.125550E+08   0.125540E+08   0.848220E+07   0.822859E+07   0.124804E+08   0.125545E+08   0.125548E+08   0.125590E+08  -0.567234E+00   0.107481E+08   0.107475E+08   0.383719E+03
   0.523935E-03   0.125481E+08   0.125470E+08   0.730328E+07   0.702758E+07   0.124568E+08   0.125475E+08   0.125479E+08   0.125513E+08  -0.566870E+00   0.107421E+08   0.107414E+08   0.404305E+03
   0.578519E-03   0.125398E+08   0.125385E+08   0.609442E+07   0.580248E+07   0.124284E+08   0.125391E+08   0.125396E+08   0.125423E+08  -0.566440E+00   0.107349E+08   0.107341E+08   0.422079E+03
   0.638789E-03   0.125299E+08   0.125284E+08   0.490725E+07   0.460803E+07   0.123940E+08   0.125290E+08   0.125297E+08   0.125316E+08  -0.565934E+00   0.107263E+08   0.107254E+08   0.435923E+03
   0.705338E-03   0.125182E+08   0.125164E+08   0.380445E+07   0.350997E+07   0.123530E+08   0.125171E+08   0.125179E+08   0.125191E+08  -0.565341E+00   0.107161E+08   0.107150E+08   0.444697E+03
   0.778821E-03   0.125043E+08   0.125022E+08   0.285161E+07   0.257613E+07   0.123038E+08   0.125030E+08   0.125039E+08   0.125044E+08  -0.564652E+00   0.107039E+08   0.107027E+08   0.447367E+03
   0.859958E-03   0.124878E+08   0.124856E+08   0.210313E+07   0.186127E+07   0.122453E+08   0.124863E+08   0.124874E+08   0.124874E+08  -0.563853E+00   0.106896E+08   0.106882E+08   0.443183E+03
   0.949549E-03   0.124686E+08   0.124660E+08   0.158374E+07   0.138762E+07   0.121759E+08   0.124667E+08   0.124681E+08   0.124676E+08  -0.562931E+00   0.106727E+08   0.106713E+08   0.431860E+03
   0.104847E-02   0.124460E+08   0.124433E+08   0.127196E+07   0.112790E+07   0.120939E+08   0.124439E+08   0.124456E+08   0.124446E+08  -0.561868E+00   0.106530E+08   0.106515E+08   0.413725E+03
   0.115770E-02   0.124198E+08   0.124168E+08   0.109711E+07   0.100327E+07   0.119977E+08   0.124173E+08   0.124193E+08   0.124179E+08  -0.560646E+00   0.106302E+08   0.106286E+08   0.389751E+03
   0.127831E-02   0.123894E+08   0.123863E+08   0.962301E+06   0.908927E+06   0.118855E+08   0.123865E+08   0.123889E+08   0.123870E+08  -0.559239E+00   0.106037E+08   0.106021E+08   0.361416E+03
   0.141149E-02   0.123544E+08   0.123511E+08   0.794174E+06   0.767358E+06   0.117561E+08   0.123510E+08   0.123538E+08   0.123514E+08  -0.557623E+00   0.105732E+08   0.105716E+08   0.330420E+03
   0.155854E-02   0.123140E+08   0.123107E+08   0.592379E+06   0.579488E+06   0.116083E+08   0.123102E+08   0.123135E+08   0.123105E+08  -0.555767E+00   0.105382E+08   0.105366E+08   0.298382E+03
   0.172091E-02   0.122678E+08   0.122644E+08   0.426166E+06   0.418921E+06   0.114408E+08   0.122633E+08   0.122672E+08   0.122635E+08  -0.553643E+00   0.104981E+08   0.104965E+08   0.266741E+03
   0.190019E-02   0.122149E+08   0.122116E+08   0.351734E+06   0.344685E+06   0.112532E+08   0.122098E+08   0.122144E+08   0.122100E+08  -0.551219E+00   0.104523E+08   0.104508E+08   0.236887E+03
   0.209815E-02   0.121547E+08   0.121514E+08   0.327517E+06   0.245897E+06   0.110453E+08   0.121489E+08   0.121542E+08   0.121491E+08  -0.548462E+00   0.104003E+08   0.103987E+08   0.210200E+03
   0.231674E-02   0.120864E+08   0.120830E+08   0.267711E+06   0.200540E+06   0.108176E+08   0.120798E+08   0.120858E+08   0.120800E+08  -0.545339E+00   0.103412E+08   0.103397E+08   0.187620E+03
   0.255810E-02   0.120092E+08   0.120056E+08   0.187757E+06   0.163420E+06   0.105710E+08   0.120018E+08   0.120086E+08   0.120019E+08  -0.541811E+00   0.102745E+08   0.102730E+08   0.169022E+03
   0.282460E-02   0.119222E+08   0.119185E+08   0.157565E+06   0.133054E+06   0.103066E+08   0.119139E+08   0.119216E+08   0.119140E+08  -0.537841E+00   0.101995E+08   0.101979E+08   0.153361E+03
   0.311887E-02   0.118246E+08   0.118207E+08   0.134001E+06   0.108225E+06   0.100250E+08   0.118155E+08   0.118240E+08   0.118155E+08  -0.533394E+00   0.101153E+08   0.101138E+08   0.139430E+03
   0.344379E-02   0.117157E+08   0.117115E+08   0.986773E+05   0.879370E+05   0.972659E+07   0.117056E+08   0.117150E+08   0.117056E+08  -0.528431E+00   0.100215E+08   0.100199E+08   0.126238E+03
   0.380257E-02   0.115945E+08   0.115900E+08   0.927338E+05   0.713692E+05   0.941100E+07   0.115834E+08   0.115938E+08   0.115835E+08  -0.522916E+00   0.991714E+07   0.991563E+07   0.113465E+03
   0.419872E-02   0.114603E+08   0.114555E+08   0.645125E+05   0.578498E+05   0.907791E+07   0.114482E+08   0.114595E+08   0.114483E+08  -0.516811E+00   0.980164E+07   0.980014E+07   0.101706E+03
   0.463615E-02   0.113122E+08   0.113070E+08   0.548174E+05   0.468265E+05   0.872721E+07   0.112991E+08   0.113113E+08   0.112991E+08  -0.510077E+00   0.967425E+07   0.967277E+07   0.914332E+02
   0.511914E-02   0.111494E+08   0.111437E+08   0.401621E+05   0.378466E+05   0.835986E+07   0.111353E+08   0.111485E+08   0.111353E+08  -0.502679E+00   0.953427E+07   0.953279E+07   0.825264E+02
   0.565246E-02   0.109714E+08   0.109650E+08   0.328400E+05   0.305388E+05   0.795627E+07   0.109561E+08   0.109704E+08   0.109561E+08  -0.494590E+00   0.938123E+07   0.937976E+07   0.743875E+02
   0.624133E-02   0.107767E+08   0.107696E+08   0.288090E+05   0.245972E+05   0.754452E+07   0.107602E+08   0.107755E+08   0.107602E+08  -0.485748E+00   0.921390E+07   0.921243E+07   0.668436E+02
   0.689155E-02   0.105648E+08   0.105567E+08   0.232947E+05   0.197723E+05   0.711320E+07   0.105471E+08   0.105634E+08   0.105471E+08  -0.476125E+00   0.903178E+07   0.903033E+07   0.601713E+02
   0.760952E-02   0.103347E+08   0.103256E+08   0.179002E+05   0.158595E+05   0.666862E+07   0.103159E+08   0.103332E+08   0.103159E+08  -0.465687E+00   0.883420E+07   0.883275E+07   0.542772E+02
   0.840228E-02   0.100858E+08   0.100754E+08   0.135556E+05   0.126907E+05   0.621994E+07   0.100658E+08   0.100840E+08   0.100658E+08  -0.454396E+00   0.862044E+07   0.861900E+07   0.489257E+02
   0.927763E-02   0.981715E+07   0.980529E+07   0.117854E+05   0.101283E+05   0.576796E+07   0.979600E+07   0.981516E+07   0.979601E+07  -0.442218E+00   0.838986E+07   0.838842E+07   0.441763E+02
   0.102442E-01   0.952810E+07   0.951448E+07   0.862583E+04   0.805979E+04   0.531057E+07   0.950586E+07   0.952581E+07   0.950586E+07  -0.429120E+00   0.814182E+07   0.814038E+07   0.399482E+02
   0.113114E-01   0.921782E+07   0.920215E+07   0.779322E+04   0.639299E+04   0.485279E+07   0.919454E+07   0.921519E+07   0.919455E+07  -0.415066E+00   0.787563E+07   0.787420E+07   0.361811E+02
   0.124898E-01   0.888560E+07   0.886754E+07   0.510678E+04   0.505258E+04   0.440164E+07   0.886136E+07   0.888257E+07   0.886136E+07  -0.400025E+00   0.759070E+07   0.758926E+07   0.328370E+02
   0.137910E-01   0.853087E+07   0.851008E+07   0.488295E+04   0.397707E+04   0.396102E+07   0.850576E+07   0.852738E+07   0.850577E+07  -0.383972E+00   0.728655E+07   0.728510E+07   0.298616E+02
   0.152278E-01   0.815330E+07   0.812944E+07   0.329385E+04   0.311628E+04   0.353145E+07   0.812743E+07   0.814929E+07   0.812744E+07  -0.366893E+00   0.696289E+07   0.696144E+07   0.272066E+02
   0.168142E-01   0.776191E+07   0.773465E+07   0.246680E+04   0.243220E+04   0.312322E+07   0.773540E+07   0.775733E+07   0.773540E+07  -0.349196E+00   0.662745E+07   0.662599E+07   0.248448E+02
   0.185659E-01   0.734137E+07   0.731042E+07   0.217797E+04   0.188594E+04   0.273187E+07   0.731438E+07   0.733618E+07   0.731438E+07  -0.330190E+00   0.626714E+07   0.626567E+07   0.226885E+02
   0.205001E-01   0.690073E+07   0.686592E+07   0.163295E+04   0.145330E+04   0.236401E+07   0.687344E+07   0.689488E+07   0.687344E+07  -0.310284E+00   0.588971E+07   0.588822E+07   0.207054E+02
   0.226359E-01   0.643636E+07   0.639768E+07   0.115027E+04   0.111123E+04   0.202040E+07   0.640899E+07   0.642987E+07   0.640900E+07  -0.289318E+00   0.549209E+07   0.549060E+07   0.188349E+02
   0.249941E-01   0.596486E+07   0.592254E+07   0.860403E+03   0.844233E+03   0.170790E+07   0.593764E+07   0.595775E+07   0.593764E+07  -0.268040E+00   0.508849E+07   0.508700E+07   0.170447E+02
   0.275980E-01   0.549173E+07   0.544633E+07   0.666612E+03   0.637188E+03   0.142760E+07   0.546491E+07   0.548411E+07   0.546491E+07  -0.246700E+00   0.468365E+07   0.468217E+07   0.152869E+02
   0.304731E-01   0.501901E+07   0.497150E+07   0.529176E+03   0.477394E+03   0.117916E+07   0.499290E+07   0.501104E+07   0.499290E+07  -0.225392E+00   0.427938E+07   0.427793E+07   0.135154E+02
   0.336478E-01   0.455954E+07   0.451136E+07   0.410724E+03   0.355544E+03   0.963712E+06   0.453447E+07   0.455145E+07   0.453447E+07  -0.204697E+00   0.388668E+07   0.388530E+07   0.117102E+02
   0.371533E-01   0.412996E+07   0.408296E+07   0.283042E+03   0.264036E+03   0.781855E+06   0.410626E+07   0.412207E+07   0.410626E+07  -0.185367E+00   0.351982E+07   0.351854E+07   0.987659E+01
   0.410239E-01   0.374100E+07   0.369733E+07   0.221136E+03   0.196109E+03   0.631567E+06   0.371898E+07   0.373367E+07   0.371898E+07  -0.167884E+00   0.318801E+07   0.318685E+07   0.804363E+01
   0.451263E-01   0.341252E+07   0.337405E+07   0.152096E+03   0.147821E+03   0.513978E+06   0.339237E+07   0.340606E+07   0.339237E+07  -0.153140E+00   0.290814E+07   0.290714E+07   0.634204E+01
   0.492287E-01   0.315692E+07   0.312453E+07   0.118231E+03   0.114907E+03   0.427023E+06   0.313859E+07   0.315148E+07   0.313859E+07  -0.141684E+00   0.269067E+07   0.268982E+07   0.491667E+01
   0.533311E-01   0.295144E+07   0.292513E+07   0.941922E+02   0.915440E+02   0.360666E+06   0.293478E+07   0.294702E+07   0.293478E+07  -0.132483E+00   0.251601E+07   0.251531E+07   0.377930E+01
   0.574334E-01   0.277879E+07   0.275782E+07   0.764742E+02   0.743239E+02   0.308374E+06   0.276359E+07   0.277527E+07   0.276359E+07  -0.124755E+00   0.236930E+07   0.236871E+07   0.292510E+01
   0.615358E-01   0.262585E+07   0.260899E+07   0.629564E+02   0.611860E+02   0.265882E+06   0.261186E+07   0.262302E+07   0.261186E+07  -0.117906E+00   0.223926E+07   0.223876E+07   0.232967E+01
   0.656382E-01   0.248106E+07   0.246681E+07   0.522827E+02   0.508123E+02   0.230164E+06   0.246803E+07   0.247867E+07   0.246803E+07  -0.111413E+00   0.211599E+07   0.211554E+07   0.195106E+01
   0.697406E-01   0.233712E+07   0.232402E+07   0.436228E+02   0.423959E+02   0.199404E+06   0.232481E+07   0.233492E+07   0.232481E+07  -0.104948E+00   0.199323E+07   0.199281E+07   0.173762E+01
   0.738430E-01   0.219523E+07   0.218207E+07   0.365426E+02   0.355147E+02   0.172857E+06   0.218346E+07   0.219302E+07   0.218346E+07  -0.985667E-01   0.187208E+07   0.187165E+07   0.163718E+01
   0.779454E-01   0.205112E+07   0.203709E+07   0.306373E+02   0.297755E+02   0.149528E+06   0.203978E+07   0.204877E+07   0.203978E+07  -0.920806E-01   0.174892E+07   0.174848E+07   0.159587E+01
   0.820478E-01   0.191192E+07   0.189667E+07   0.257667E+02   0.250418E+02   0.129423E+06   0.190093E+07   0.190936E+07   0.190093E+07  -0.858129E-01   0.162990E+07   0.162945E+07   0.157372E+01
   0.861502E-01   0.178169E+07   0.176531E+07   0.217731E+02   0.211606E+02   0.112300E+06   0.177105E+07   0.177894E+07   0.177105E+07  -0.799495E-01   0.151856E+07   0.151810E+07   0.154047E+01
   0.912715E-01   0.163688E+07   0.161972E+07   0.178164E+02   0.173152E+02   0.947194E+05   0.162671E+07   0.163400E+07   0.162671E+07  -0.734339E-01   0.139483E+07   0.139436E+07   0.145803E+01
   0.963928E-01   0.151635E+07   0.149943E+07   0.147948E+02   0.143785E+02   0.808578E+05   0.150673E+07   0.151351E+07   0.150673E+07  -0.680175E-01   0.129196E+07   0.129152E+07   0.132382E+01
   0.101514E+00   0.142163E+07   0.140596E+07   0.125061E+02   0.121542E+02   0.701001E+05   0.141261E+07   0.141900E+07   0.141261E+07  -0.637688E-01   0.121127E+07   0.121086E+07   0.115125E+01
   0.106635E+00   0.134920E+07   0.133551E+07   0.107575E+02   0.104548E+02   0.617155E+05   0.134081E+07   0.134690E+07   0.134081E+07  -0.605277E-01   0.114971E+07   0.114935E+07   0.964809E+00
   0.111757E+00   0.129175E+07   0.128031E+07   0.937892E+01   0.911502E+01   0.549727E+05   0.128398E+07   0.128983E+07   0.128398E+07  -0.579621E-01   0.110098E+07   0.110067E+07   0.790332E+00
   0.116878E+00   0.124133E+07   0.123195E+07   0.824198E+01   0.801006E+01   0.492764E+05   0.123412E+07   0.123976E+07   0.123412E+07  -0.557114E-01   0.105823E+07   0.105797E+07   0.647828E+00
   0.121999E+00   0.119171E+07   0.118382E+07   0.726313E+01   0.705875E+01   0.442311E+05   0.118496E+07   0.119039E+07   0.118496E+07  -0.534921E-01   0.101608E+07   0.101585E+07   0.547484E+00
   0.127121E+00   0.113920E+07   0.113209E+07   0.639518E+01   0.621521E+01   0.396190E+05   0.113281E+07   0.113801E+07   0.113281E+07  -0.511377E-01   0.971365E+06   0.971148E+06   0.488945E+00
   0.132242E+00   0.108280E+07   0.107580E+07   0.561650E+01   0.545845E+01   0.353561E+05   0.107668E+07   0.108163E+07   0.107668E+07  -0.486038E-01   0.923240E+06   0.923025E+06   0.463433E+00
   0.137363E+00   0.102375E+07   0.101637E+07   0.492081E+01   0.478234E+01   0.314442E+05   0.101782E+07   0.102251E+07   0.101782E+07  -0.459468E-01   0.872776E+06   0.872556E+06   0.457550E+00
   0.142484E+00   0.964687E+06   0.956746E+06   0.430870E+01   0.418744E+01   0.279216E+05   0.958926E+06   0.963354E+06   0.958926E+06  -0.432883E-01   0.822284E+06   0.822056E+06   0.457423E+00
   0.147606E+00   0.908975E+06   0.900552E+06   0.378225E+01   0.367581E+01   0.248350E+05   0.903383E+06   0.907561E+06   0.903383E+06  -0.407809E-01   0.774662E+06   0.774428E+06   0.452098E+00
   0.152727E+00   0.859749E+06   0.851132E+06   0.334101E+01   0.324698E+01   0.222111E+05   0.854345E+06   0.858302E+06   0.854345E+06  -0.385673E-01   0.732616E+06   0.732383E+06   0.435445E+00
   0.157848E+00   0.818758E+06   0.810327E+06   0.297841E+01   0.289459E+01   0.200325E+05   0.813568E+06   0.817342E+06   0.813568E+06  -0.367265E-01   0.697652E+06   0.697428E+06   0.406402E+00
   0.162970E+00   0.785730E+06   0.777836E+06   0.268153E+01   0.260606E+01   0.182351E+05   0.780778E+06   0.784404E+06   0.780778E+06  -0.352463E-01   0.669535E+06   0.669325E+06   0.367965E+00
   0.168091E+00   0.758923E+06   0.751800E+06   0.243488E+01   0.236635E+01   0.167305E+05   0.754220E+06   0.757727E+06   0.754220E+06  -0.340473E-01   0.646761E+06   0.646569E+06   0.325501E+00
   0.173212E+00   0.736099E+06   0.729816E+06   0.222437E+01   0.216177E+01   0.154348E+05   0.731638E+06   0.735044E+06   0.731638E+06  -0.330279E-01   0.627396E+06   0.627223E+06   0.284882E+00
   0.178334E+00   0.714985E+06   0.709451E+06   0.203853E+01   0.198116E+01   0.142773E+05   0.710744E+06   0.714056E+06   0.710744E+06  -0.320847E-01   0.609479E+06   0.609322E+06   0.250820E+00
   0.183455E+00   0.693502E+06   0.688511E+06   0.186858E+01   0.181599E+01   0.132029E+05   0.689448E+06   0.692664E+06   0.689448E+06  -0.311234E-01   0.591217E+06   0.591072E+06   0.225845E+00
   0.188576E+00   0.670308E+06   0.665606E+06   0.170936E+01   0.166125E+01   0.121795E+05   0.666408E+06   0.669519E+06   0.666408E+06  -0.300833E-01   0.571461E+06   0.571322E+06   0.210104E+00
   0.193698E+00   0.645261E+06   0.640613E+06   0.155955E+01   0.151566E+01   0.112009E+05   0.641483E+06   0.644481E+06   0.641483E+06  -0.289582E-01   0.550089E+06   0.549952E+06   0.201816E+00
   0.198819E+00   0.619200E+06   0.614445E+06   0.142032E+01   0.138035E+01   0.102786E+05   0.615523E+06   0.618402E+06   0.615523E+06  -0.277863E-01   0.527830E+06   0.527692E+06   0.198066E+00
   0.203940E+00   0.593312E+06   0.588388E+06   0.129329E+01   0.125689E+01   0.942710E+04   0.589725E+06   0.592485E+06   0.589725E+06  -0.266217E-01   0.505709E+06   0.505570E+06   0.195689E+00
   0.209061E+00   0.568753E+06   0.563696E+06   0.117963E+01   0.114642E+01   0.865788E+04   0.565257E+06   0.567904E+06   0.565257E+06  -0.255171E-01   0.484729E+06   0.484589E+06   0.192070E+00
   0.214183E+00   0.546504E+06   0.541417E+06   0.107983E+01   0.104944E+01   0.797768E+04   0.543105E+06   0.545650E+06   0.543105E+06  -0.245171E-01   0.465735E+06   0.465595E+06   0.185667E+00
   0.219304E+00   0.527154E+06   0.522171E+06   0.993488E+00   0.965525E+00   0.738583E+04   0.523861E+06   0.526317E+06   0.523861E+06  -0.236484E-01   0.449233E+06   0.449098E+06   0.176155E+00
   0.224425E+00   0.510700E+06   0.505945E+06   0.919070E+00   0.893202E+00   0.687360E+04   0.507521E+06   0.509902E+06   0.507521E+06  -0.229107E-01   0.435221E+06   0.435092E+06   0.164219E+00
   0.229547E+00   0.496604E+06   0.492160E+06   0.854321E+00   0.830275E+00   0.642596E+04   0.493542E+06   0.495858E+06   0.493542E+06  -0.222797E-01   0.423233E+06   0.423111E+06   0.151169E+00
   0.234668E+00   0.484044E+06   0.479936E+06   0.796825E+00   0.774397E+00   0.602635E+04   0.481095E+06   0.483354E+06   0.481095E+06  -0.217178E-01   0.412559E+06   0.412445E+06   0.138478E+00
   0.239789E+00   0.472144E+06   0.468343E+06   0.744445E+00   0.723491E+00   0.565979E+04   0.469301E+06   0.471506E+06   0.469301E+06  -0.211854E-01   0.402445E+06   0.402338E+06   0.127380E+00
   0.244911E+00   0.460167E+06   0.456601E+06   0.695567E+00   0.675989E+00   0.531476E+04   0.457418E+06   0.459568E+06   0.457418E+06  -0.206490E-01   0.392255E+06   0.392153E+06   0.118600E+00
   0.250032E+00   0.447679E+06   0.444259E+06   0.649264E+00   0.630989E+00   0.498492E+04   0.445012E+06   0.447105E+06   0.445012E+06  -0.200890E-01   0.381617E+06   0.381519E+06   0.112272E+00
   0.255153E+00   0.434631E+06   0.431272E+06   0.605277E+00   0.588240E+00   0.466871E+04   0.432034E+06   0.434067E+06   0.432034E+06  -0.195031E-01   0.370488E+06   0.370392E+06   0.108010E+00
   0.260274E+00   0.421270E+06   0.417914E+06   0.563783E+00   0.547914E+00   0.436799E+04   0.418736E+06   0.420706E+06   0.418736E+06  -0.189028E-01   0.359085E+06   0.358989E+06   0.105101E+00
   0.265396E+00   0.407995E+06   0.404615E+06   0.525115E+00   0.510334E+00   0.408580E+04   0.405518E+06   0.407427E+06   0.405518E+06  -0.183061E-01   0.347751E+06   0.347655E+06   0.102724E+00
   0.270517E+00   0.395235E+06   0.391839E+06   0.489584E+00   0.475804E+00   0.382498E+04   0.392815E+06   0.394665E+06   0.392815E+06  -0.177326E-01   0.336858E+06   0.336763E+06   0.100172E+00
   0.275638E+00   0.383366E+06   0.379986E+06   0.457379E+00   0.444505E+00   0.358750E+04   0.381003E+06   0.382798E+06   0.381003E+06  -0.171994E-01   0.326730E+06   0.326636E+06   0.969919E-01
   0.280760E+00   0.372610E+06   0.369291E+06   0.428468E+00   0.416407E+00   0.337348E+04   0.370307E+06   0.372052E+06   0.370307E+06  -0.167166E-01   0.317557E+06   0.317466E+06   0.930391E-01
   0.285881E+00   0.362978E+06   0.359764E+06   0.402574E+00   0.391243E+00   0.318120E+04   0.360738E+06   0.362438E+06   0.360738E+06  -0.162846E-01   0.309351E+06   0.309263E+06   0.884463E-01
   0.291002E+00   0.354299E+06   0.351220E+06   0.379249E+00   0.368574E+00   0.300744E+04   0.352121E+06   0.353782E+06   0.352121E+06  -0.158956E-01   0.301962E+06   0.301877E+06   0.835329E-01
   0.296124E+00   0.346296E+06   0.343364E+06   0.357986E+00   0.347909E+00   0.284843E+04   0.344181E+06   0.345804E+06   0.344181E+06  -0.155372E-01   0.295153E+06   0.295071E+06   0.786888E-01
   0.301245E+00   0.338671E+06   0.335877E+06   0.338312E+00   0.328790E+00   0.270070E+04   0.336614E+06   0.338202E+06   0.336614E+06  -0.151956E-01   0.288664E+06   0.288585E+06   0.742618E-01
   0.306366E+00   0.331157E+06   0.328478E+06   0.319847E+00   0.310844E+00   0.256133E+04   0.329154E+06   0.330707E+06   0.329154E+06  -0.148588E-01   0.282266E+06   0.282191E+06   0.704777E-01
   0.311487E+00   0.323577E+06   0.320984E+06   0.302337E+00   0.293827E+00   0.242848E+04   0.321624E+06   0.323142E+06   0.321624E+06  -0.145189E-01   0.275809E+06   0.275736E+06   0.674067E-01
   0.316609E+00   0.315881E+06   0.313341E+06   0.285673E+00   0.277632E+00   0.230137E+04   0.313972E+06   0.315454E+06   0.313972E+06  -0.141735E-01   0.269248E+06   0.269176E+06   0.649745E-01
   0.321730E+00   0.308131E+06   0.305622E+06   0.269858E+00   0.262262E+00   0.218011E+04   0.306264E+06   0.307710E+06   0.306264E+06  -0.138255E-01   0.262637E+06   0.262566E+06   0.630047E-01
   0.326851E+00   0.300461E+06   0.297971E+06   0.254951E+00   0.247775E+00   0.206536E+04   0.298632E+06   0.300043E+06   0.298632E+06  -0.134810E-01   0.256094E+06   0.256023E+06   0.612773E-01
   0.331973E+00   0.293022E+06   0.290551E+06   0.241020E+00   0.234236E+00   0.195766E+04   0.291232E+06   0.292607E+06   0.291232E+06  -0.131469E-01   0.249747E+06   0.249678E+06   0.595874E-01
   0.337094E+00   0.285945E+06   0.283500E+06   0.228101E+00   0.221681E+00   0.185748E+04   0.284192E+06   0.285534E+06   0.284192E+06  -0.128291E-01   0.243710E+06   0.243642E+06   0.577899E-01
   0.342215E+00   0.279310E+06   0.276906E+06   0.216187E+00   0.210102E+00   0.176482E+04   0.277595E+06   0.278907E+06   0.277595E+06  -0.125313E-01   0.238053E+06   0.237986E+06   0.558208E-01
   0.347337E+00   0.273137E+06   0.270788E+06   0.205221E+00   0.199444E+00   0.167930E+04   0.271460E+06   0.272743E+06   0.271460E+06  -0.122544E-01   0.232792E+06   0.232727E+06   0.536953E-01
   0.352458E+00   0.267383E+06   0.265100E+06   0.195103E+00   0.189611E+00   0.160023E+04   0.265743E+06   0.266999E+06   0.265743E+06  -0.119963E-01   0.227890E+06   0.227826E+06   0.514868E-01
   0.357579E+00   0.261958E+06   0.259747E+06   0.185712E+00   0.180484E+00   0.152661E+04   0.260356E+06   0.261587E+06   0.260356E+06  -0.117531E-01   0.223270E+06   0.223208E+06   0.492976E-01
   0.362700E+00   0.256761E+06   0.254620E+06   0.176926E+00   0.171946E+00   0.145755E+04   0.255195E+06   0.256401E+06   0.255195E+06  -0.115201E-01   0.218844E+06   0.218784E+06   0.472275E-01
   0.367822E+00   0.251696E+06   0.249618E+06   0.168642E+00   0.163895E+00   0.139224E+04   0.250164E+06   0.251347E+06   0.250164E+06  -0.112930E-01   0.214530E+06   0.214471E+06   0.453494E-01
   0.372943E+00   0.246692E+06   0.244666E+06   0.160782E+00   0.156256E+00   0.133005E+04   0.245192E+06   0.246352E+06   0.245192E+06  -0.110686E-01   0.210266E+06   0.210209E+06   0.436952E-01
   0.378064E+00   0.241714E+06   0.239729E+06   0.153298E+00   0.148983E+00   0.127067E+04   0.240244E+06   0.241380E+06   0.240244E+06  -0.108452E-01   0.206023E+06   0.205967E+06   0.422551E-01
   0.383186E+00   0.236766E+06   0.234814E+06   0.146172E+00   0.142058E+00   0.121392E+04   0.235325E+06   0.236438E+06   0.235325E+06  -0.106231E-01   0.201805E+06   0.201750E+06   0.409869E-01
   0.388307E+00   0.231891E+06   0.229966E+06   0.139409E+00   0.135485E+00   0.115991E+04   0.230477E+06   0.231568E+06   0.230477E+06  -0.104043E-01   0.197648E+06   0.197593E+06   0.398322E-01
   0.393428E+00   0.227139E+06   0.225238E+06   0.133019E+00   0.129274E+00   0.110874E+04   0.225751E+06   0.226819E+06   0.225751E+06  -0.101910E-01   0.193595E+06   0.193542E+06   0.387309E-01
   0.398550E+00   0.222550E+06   0.220674E+06   0.127002E+00   0.123427E+00   0.106044E+04   0.221188E+06   0.222235E+06   0.221188E+06  -0.998497E-02   0.189682E+06   0.189629E+06   0.376349E-01
   0.403671E+00   0.218151E+06   0.216306E+06   0.121352E+00   0.117936E+00   0.101500E+04   0.216815E+06   0.217841E+06   0.216815E+06  -0.978756E-02   0.185932E+06   0.185880E+06   0.365168E-01
   0.408792E+00   0.213958E+06   0.212146E+06   0.116056E+00   0.112789E+00   0.972301E+03   0.212647E+06   0.213654E+06   0.212647E+06  -0.959941E-02   0.182358E+06   0.182307E+06   0.353724E-01
   0.413913E+00   0.209966E+06   0.208192E+06   0.111090E+00   0.107963E+00   0.932199E+03   0.208680E+06   0.209668E+06   0.208680E+06  -0.942035E-02   0.178956E+06   0.178906E+06   0.342162E-01
   0.419035E+00   0.206149E+06   0.204415E+06   0.106421E+00   0.103425E+00   0.894418E+03   0.204888E+06   0.205858E+06   0.204888E+06  -0.924915E-02   0.175704E+06   0.175655E+06   0.330736E-01
   0.424156E+00   0.202468E+06   0.200774E+06   0.102013E+00   0.991410E-01   0.858669E+03   0.201230E+06   0.202183E+06   0.201230E+06  -0.908404E-02   0.172567E+06   0.172520E+06   0.319719E-01
   0.429277E+00   0.198887E+06   0.197231E+06   0.978323E-01   0.950784E-01   0.824704E+03   0.197673E+06   0.198609E+06   0.197673E+06  -0.892344E-02   0.169516E+06   0.169470E+06   0.309341E-01
   0.434399E+00   0.195382E+06   0.193760E+06   0.938559E-01   0.912140E-01   0.792316E+03   0.194190E+06   0.195110E+06   0.194190E+06  -0.876623E-02   0.166530E+06   0.166484E+06   0.299731E-01
   0.439520E+00   0.191938E+06   0.190346E+06   0.900653E-01   0.875300E-01   0.761380E+03   0.190767E+06   0.191671E+06   0.190767E+06  -0.861171E-02   0.163594E+06   0.163550E+06   0.290904E-01
   0.444641E+00   0.188547E+06   0.186981E+06   0.864473E-01   0.840139E-01   0.731787E+03   0.187396E+06   0.188284E+06   0.187396E+06  -0.845953E-02   0.160704E+06   0.160660E+06   0.282770E-01
   0.449763E+00   0.185213E+06   0.183671E+06   0.829954E-01   0.806592E-01   0.703493E+03   0.184082E+06   0.184954E+06   0.184082E+06  -0.830991E-02   0.157861E+06   0.157818E+06   0.275172E-01
   0.454884E+00   0.181950E+06   0.180431E+06   0.797074E-01   0.774637E-01   0.676495E+03   0.180838E+06   0.181695E+06   0.180838E+06  -0.816349E-02   0.155080E+06   0.155037E+06   0.267934E-01
   0.460005E+00   0.178776E+06   0.177279E+06   0.765824E-01   0.744267E-01   0.650783E+03   0.177683E+06   0.178525E+06   0.177683E+06  -0.802104E-02   0.152374E+06   0.152332E+06   0.260904E-01
   0.465127E+00   0.175702E+06   0.174227E+06   0.736170E-01   0.715447E-01   0.626351E+03   0.174627E+06   0.175454E+06   0.174627E+06  -0.788309E-02   0.149753E+06   0.149712E+06   0.253974E-01
   0.470248E+00   0.172731E+06   0.171280E+06   0.708044E-01   0.688113E-01   0.603135E+03   0.171674E+06   0.172488E+06   0.171674E+06  -0.774980E-02   0.147221E+06   0.147181E+06   0.247098E-01
   0.475369E+00   0.169862E+06   0.168435E+06   0.681358E-01   0.662178E-01   0.581077E+03   0.168822E+06   0.169622E+06   0.168822E+06  -0.762104E-02   0.144775E+06   0.144735E+06   0.240285E-01
   0.480490E+00   0.167086E+06   0.165685E+06   0.656015E-01   0.637548E-01   0.560099E+03   0.166064E+06   0.166851E+06   0.166064E+06  -0.749653E-02   0.142410E+06   0.142371E+06   0.233591E-01
   0.485612E+00   0.164396E+06   0.163021E+06   0.631913E-01   0.614125E-01   0.540112E+03   0.163391E+06   0.164165E+06   0.163391E+06  -0.737587E-02   0.140118E+06   0.140079E+06   0.227088E-01
   0.490733E+00   0.161780E+06   0.160429E+06   0.608948E-01   0.591806E-01   0.521047E+03   0.160791E+06   0.161554E+06   0.160791E+06  -0.725852E-02   0.137889E+06   0.137851E+06   0.220844E-01
   0.495854E+00   0.159225E+06   0.157897E+06   0.587014E-01   0.570490E-01   0.502801E+03   0.158252E+06   0.159002E+06   0.158252E+06  -0.714388E-02   0.135711E+06   0.135674E+06   0.214901E-01
   0.500976E+00   0.156720E+06   0.155415E+06   0.566028E-01   0.550094E-01   0.485323E+03   0.155763E+06   0.156501E+06   0.155763E+06  -0.703151E-02   0.133576E+06   0.133540E+06   0.209275E-01
   0.506097E+00   0.154263E+06   0.152978E+06   0.545935E-01   0.530567E-01   0.468561E+03   0.153321E+06   0.154048E+06   0.153321E+06  -0.692128E-02   0.131482E+06   0.131446E+06   0.203950E-01
   0.511218E+00   0.151856E+06   0.150590E+06   0.526700E-01   0.511874E-01   0.452489E+03   0.150928E+06   0.151643E+06   0.150928E+06  -0.681326E-02   0.129430E+06   0.129395E+06   0.198891E-01
   0.516340E+00   0.149500E+06   0.148252E+06   0.508292E-01   0.493984E-01   0.437093E+03   0.148586E+06   0.149290E+06   0.148586E+06  -0.670753E-02   0.127422E+06   0.127387E+06   0.194047E-01
   0.521461E+00   0.147197E+06   0.145966E+06   0.490678E-01   0.476866E-01   0.422332E+03   0.146296E+06   0.146990E+06   0.146296E+06  -0.660418E-02   0.125458E+06   0.125424E+06   0.189367E-01
   0.526582E+00   0.144949E+06   0.143736E+06   0.473832E-01   0.460494E-01   0.408203E+03   0.144062E+06   0.144745E+06   0.144062E+06  -0.650332E-02   0.123543E+06   0.123508E+06   0.184809E-01
   0.531703E+00   0.142761E+06   0.141566E+06   0.457731E-01   0.444846E-01   0.394680E+03   0.141887E+06   0.142560E+06   0.141887E+06  -0.640514E-02   0.121677E+06   0.121644E+06   0.180351E-01
   0.536825E+00   0.140633E+06   0.139456E+06   0.442346E-01   0.429894E-01   0.381741E+03   0.139772E+06   0.140435E+06   0.139772E+06  -0.630967E-02   0.119864E+06   0.119831E+06   0.175986E-01
   0.541946E+00   0.138562E+06   0.137403E+06   0.427635E-01   0.415597E-01   0.369360E+03   0.137714E+06   0.138368E+06   0.137714E+06  -0.621677E-02   0.118099E+06   0.118066E+06   0.171719E-01
   0.547067E+00   0.136544E+06   0.135402E+06   0.413552E-01   0.401911E-01   0.357487E+03   0.135708E+06   0.136352E+06   0.135708E+06  -0.612620E-02   0.116378E+06   0.116346E+06   0.167563E-01
   0.559946E+00   0.131676E+06   0.130577E+06   0.380677E-01   0.369961E-01   0.329725E+03   0.130871E+06   0.131492E+06   0.130871E+06  -0.590784E-02   0.112230E+06   0.112199E+06   0.157708E-01
   0.593872E+00   0.120012E+06   0.119009E+06   0.308445E-01   0.299762E-01   0.268426E+03   0.119278E+06   0.119844E+06   0.119278E+06  -0.538449E-02   0.102288E+06   0.102260E+06   0.135756E-01
   0.629853E+00   0.109351E+06   0.108438E+06   0.249852E-01   0.242819E-01   0.218379E+03   0.108682E+06   0.109198E+06   0.108682E+06  -0.490619E-02   0.932022E+05   0.931765E+05   0.116641E-01
   0.879031E+00   0.639910E+05   0.634568E+05   0.750659E-02   0.729528E-02   0.668132E+02   0.635991E+05   0.639013E+05   0.635991E+05  -0.287102E-02   0.545406E+05   0.545254E+05   0.492613E-02
   0.122679E+01   0.369837E+05   0.366749E+05   0.222741E-02   0.216471E-02   0.200321E+02   0.367571E+05   0.369318E+05   0.367571E+05  -0.165931E-02   0.315218E+05   0.315129E+05   0.206938E-02
   0.171212E+01   0.211480E+05   0.209714E+05   0.653926E-03   0.635518E-03   0.591455E+01   0.210184E+05   0.211184E+05   0.210184E+05  -0.948825E-03   0.180248E+05   0.180196E+05   0.871848E-03
   0.238945E+01   0.119827E+05   0.118825E+05   0.190231E-03   0.184876E-03   0.172583E+01   0.119093E+05   0.119659E+05   0.119093E+05  -0.537613E-03   0.102130E+05   0.102099E+05   0.373076E-03
   0.333475E+01   0.673613E+04   0.667965E+04   0.549037E-04   0.533582E-04   0.498960E+00   0.669481E+04   0.672664E+04   0.669481E+04  -0.302220E-03   0.574129E+04   0.573936E+04   0.165317E-03
   0.465402E+01   0.376083E+04   0.372912E+04   0.157375E-04   0.152945E-04   0.143110E+00   0.373773E+04   0.375550E+04   0.373773E+04  -0.168730E-03   0.320539E+04   0.320412E+04   0.778689E-04
   0.649521E+01   0.208713E+04   0.206934E+04   0.448387E-05   0.435767E-05   0.408244E-01   0.207428E+04   0.208414E+04   0.207428E+04  -0.936381E-04   0.177887E+04   0.177796E+04   0.400576E-04
   0.906480E+01   0.115218E+04   0.114215E+04   0.127075E-05   0.123499E-05   0.115688E-01   0.114505E+04   0.115050E+04   0.114505E+04  -0.516904E-04   0.981991E+03   0.981266E+03   0.228508E-04
   0.126509E+02   0.633075E+03   0.627344E+03   0.358422E-06   0.348339E-06   0.327593E-02   0.629121E+03   0.632113E+03   0.629121E+03  -0.284001E-04   0.539547E+03   0.538911E+03   0.143672E-04
