#          k/h    CDM            baryon         photon         nu             mass_nu        total          no_nu          total_de       Weyl           v_CDM          v_b            v_b-v_c     
   0.994668E-05   0.202951E+08   0.202951E+08   0.270459E+08   0.270455E+08   0.202974E+08   0.202951E+08   0.202951E+08   0.203023E+08  -0.458528E+00   0.992970E+07   0.992970E+07   0.636432E+01
   0.109829E-04   0.202951E+08   0.202951E+08   0.270428E+08   0.270423E+08   0.202974E+08   0.202951E+08   0.202951E+08   0.203023E+08  -0.458528E+00   0.992970E+07   0.992970E+07   0.702714E+01
   0.121271E-04   0.202951E+08   0.202951E+08   0.270390E+08   0.270384E+08   0.202974E+08   0.202951E+08   0.202951E+08   0.203023E+08  -0.458528E+00   0.992970E+07   0.992970E+07   0.775894E+01
   0.133905E-04   0.202950E+08   0.202950E+08   0.270344E+08   0.270337E+08   0.202974E+08   0.202951E+08   0.202950E+08   0.203023E+08  -0.458528E+00   0.992969E+07   0.992969E+07   0.856688E+01
   0.147856E-04   0.202950E+08   0.202950E+08   0.270288E+08   0.270279E+08   0.202974E+08   0.202950E+08   0.202950E+08   0.203023E+08  -0.458527E+00   0.992969E+07   0.992968E+07   0.945886E+01
   0.163259E-04   0.202950E+08   0.202950E+08   0.270219E+08   0.270208E+08   0.202973E+08   0.202950E+08   0.202950E+08   0.203023E+08  -0.458527E+00   0.992968E+07   0.992968E+07   0.104436E+02
   0.180268E-04   0.202950E+08   0.202950E+08   0.270136E+08   0.270122E+08   0.202973E+08   0.202950E+08   0.202950E+08   0.203022E+08  -0.458526E+00   0.992967E+07   0.992967E+07   0.115307E+02
   0.199048E-04   0.202950E+08   0.202950E+08   0.270034E+08   0.270017E+08   0.202972E+08   0.202950E+08   0.202950E+08   0.203022E+08  -0.458526E+00   0.992966E+07   0.992966E+07   0.127307E+02
   0.219785E-04   0.202950E+08   0.202950E+08   0.269910E+08   0.269889E+08   0.202972E+08   0.202950E+08   0.202950E+08   0.203022E+08  -0.458525E+00   0.992965E+07   0.992965E+07   0.140552E+02
   0.242682E-04   0.202949E+08   0.202949E+08   0.269758E+08   0.269733E+08   0.202971E+08   0.202949E+08   0.202949E+08   0.203022E+08  -0.458524E+00   0.992963E+07   0.992963E+07   0.155172E+02
   0.267965E-04   0.202949E+08   0.202949E+08   0.269574E+08   0.269543E+08   0.202970E+08   0.202949E+08   0.202949E+08   0.203021E+08  -0.458523E+00   0.992962E+07   0.992962E+07   0.171307E+02
   0.295882E-04   0.202949E+08   0.202948E+08   0.269349E+08   0.269311E+08   0.202969E+08   0.202949E+08   0.202949E+08   0.203021E+08  -0.458522E+00   0.992959E+07   0.992959E+07   0.189112E+02
   0.326707E-04   0.202948E+08   0.202948E+08   0.269075E+08   0.269029E+08   0.202968E+08   0.202948E+08   0.202948E+08   0.203020E+08  -0.458521E+00   0.992957E+07   0.992956E+07   0.208758E+02
   0.360743E-04   0.202947E+08   0.202947E+08   0.268741E+08   0.268686E+08   0.202966E+08   0.202947E+08   0.202947E+08   0.203019E+08  -0.458519E+00   0.992954E+07   0.992953E+07   0.230431E+02
   0.398325E-04   0.202947E+08   0.202946E+08   0.268335E+08   0.268267E+08   0.202964E+08   0.202947E+08   0.202946E+08   0.203018E+08  -0.458516E+00   0.992950E+07   0.992949E+07   0.254336E+02
   0.439823E-04   0.202946E+08   0.202945E+08   0.267841E+08   0.267758E+08   0.202962E+08   0.202946E+08   0.202946E+08   0.203017E+08  -0.458514E+00   0.992945E+07   0.992944E+07   0.280696E+02
   0.485644E-04   0.202944E+08   0.202944E+08   0.267239E+08   0.267139E+08   0.202959E+08   0.202944E+08   0.202944E+08   0.203016E+08  -0.458510E+00   0.992939E+07   0.992938E+07   0.309756E+02
   0.536238E-04   0.202943E+08   0.202943E+08   0.266507E+08   0.266385E+08   0.202955E+08   0.202943E+08   0.202943E+08   0.203014E+08  -0.458506E+00   0.992931E+07   0.992931E+07   0.341779E+02
   0.592104E-04   0.202941E+08   0.202941E+08   0.265617E+08   0.265469E+08   0.202951E+08   0.202941E+08   0.202941E+08   0.203012E+08  -0.458501E+00   0.992923E+07   0.992922E+07   0.377054E+02
   0.653789E-04   0.202939E+08   0.202939E+08   0.264536E+08   0.264355E+08   0.202945E+08   0.202939E+08   0.202939E+08   0.203010E+08  -0.458495E+00   0.992912E+07   0.992911E+07   0.415889E+02
   0.721901E-04   0.202936E+08   0.202936E+08   0.263223E+08   0.263004E+08   0.202939E+08   0.202936E+08   0.202936E+08   0.203007E+08  -0.458487E+00   0.992899E+07   0.992898E+07   0.458616E+02
   0.797109E-04   0.202933E+08   0.202933E+08   0.261630E+08   0.261364E+08   0.202931E+08   0.202933E+08   0.202933E+08   0.203003E+08  -0.458478E+00   0.992883E+07   0.992882E+07   0.505589E+02
   0.880152E-04   0.202929E+08   0.202929E+08   0.259701E+08   0.259378E+08   0.202921E+08   0.202929E+08   0.202929E+08   0.202999E+08  -0.458467E+00   0.992863E+07   0.992862E+07   0.557179E+02
   0.971847E-04   0.202925E+08   0.202924E+08   0.257366E+08   0.256975E+08   0.202909E+08   0.202924E+08   0.202925E+08   0.202993E+08  -0.458454E+00   0.992840E+07   0.992838E+07   0.613773E+02
   0.107309E-03   0.202919E+08   0.202918E+08   0.254545E+08   0.254073E+08   0.202895E+08   0.202919E+08   0.202919E+08   0.202987E+08  -0.458437E+00   0.992811E+07   0.992809E+07   0.675768E+02
   0.118489E-03   0.202912E+08   0.202911E+08   0.251144E+08   0.250574E+08   0.202877E+08   0.202912E+08   0.202912E+08   0.202979E+08  -0.458417E+00   0.992776E+07   0.992773E+07   0.743559E+02
   0.130833E-03   0.202903E+08   0.202902E+08   0.247054E+08   0.246369E+08   0.202856E+08   0.202903E+08   0.202903E+08   0.202969E+08  -0.458393E+00   0.992733E+07   0.992730E+07   0.817528E+02
   0.144463E-03   0.202893E+08   0.202892E+08   0.242151E+08   0.241328E+08   0.202829E+08   0.202892E+08   0.202893E+08   0.202957E+08  -0.458364E+00   0.992681E+07   0.992677E+07   0.898026E+02
   0.159514E-03   0.202880E+08   0.202879E+08   0.236293E+08   0.235309E+08   0.202798E+08   0.202880E+08   0.202880E+08   0.202943E+08  -0.458328E+00   0.992618E+07   0.992613E+07   0.985343E+02
   0.176132E-03   0.202865E+08   0.202863E+08   0.229328E+08   0.228156E+08   0.202759E+08   0.202864E+08   0.202865E+08   0.202925E+08  -0.458285E+00   0.992541E+07   0.992535E+07   0.107968E+03
   0.194481E-03   0.202846E+08   0.202844E+08   0.221093E+08   0.219703E+08   0.202712E+08   0.202845E+08   0.202846E+08   0.202904E+08  -0.458232E+00   0.992447E+07   0.992440E+07   0.118111E+03
   0.214742E-03   0.202824E+08   0.202821E+08   0.211421E+08   0.209785E+08   0.202655E+08   0.202822E+08   0.202823E+08   0.202879E+08  -0.458169E+00   0.992334E+07   0.992326E+07   0.128949E+03
   0.237114E-03   0.202796E+08   0.202793E+08   0.200160E+08   0.198248E+08   0.202585E+08   0.202795E+08   0.202796E+08   0.202848E+08  -0.458093E+00   0.992196E+07   0.992186E+07   0.140445E+03
   0.261817E-03   0.202763E+08   0.202759E+08   0.187182E+08   0.184969E+08   0.202500E+08   0.202761E+08   0.202762E+08   0.202811E+08  -0.458001E+00   0.992030E+07   0.992018E+07   0.152524E+03
   0.289093E-03   0.202723E+08   0.202718E+08   0.172419E+08   0.169889E+08   0.202398E+08   0.202720E+08   0.202722E+08   0.202766E+08  -0.457891E+00   0.991828E+07   0.991814E+07   0.165070E+03
   0.319211E-03   0.202674E+08   0.202668E+08   0.155892E+08   0.153040E+08   0.202273E+08   0.202671E+08   0.202673E+08   0.202713E+08  -0.457759E+00   0.991584E+07   0.991567E+07   0.177909E+03
   0.352466E-03   0.202616E+08   0.202608E+08   0.137756E+08   0.134601E+08   0.202122E+08   0.202612E+08   0.202615E+08   0.202649E+08  -0.457602E+00   0.991290E+07   0.991270E+07   0.190806E+03
   0.389186E-03   0.202545E+08   0.202536E+08   0.118349E+08   0.114936E+08   0.201940E+08   0.202541E+08   0.202544E+08   0.202572E+08  -0.457415E+00   0.990937E+07   0.990913E+07   0.203449E+03
   0.429732E-03   0.202461E+08   0.202450E+08   0.982273E+07   0.946396E+07   0.201719E+08   0.202456E+08   0.202459E+08   0.202482E+08  -0.457194E+00   0.990512E+07   0.990485E+07   0.215453E+03
   0.474501E-03   0.202360E+08   0.202347E+08   0.781915E+07   0.745539E+07   0.201453E+08   0.202353E+08   0.202358E+08   0.202374E+08  -0.456933E+00   0.990005E+07   0.989972E+07   0.226360E+03
   0.523935E-03   0.202239E+08   0.202224E+08   0.592543E+07   0.557328E+07   0.201133E+08   0.202231E+08   0.202237E+08   0.202247E+08  -0.456627E+00   0.989399E+07   0.989362E+07   0.235659E+03
   0.578519E-03   0.202096E+08   0.202078E+08   0.425374E+07   0.393264E+07   0.200748E+08   0.202086E+08   0.202093E+08   0.202097E+08  -0.456270E+00   0.988679E+07   0.988637E+07   0.242820E+03
   0.638789E-03   0.201926E+08   0.201905E+08   0.290678E+07   0.263626E+07   0.200286E+08   0.201915E+08   0.201922E+08   0.201922E+08  -0.455855E+00   0.987828E+07   0.987780E+07   0.247342E+03
   0.705338E-03   0.201725E+08   0.201702E+08   0.194840E+07   0.174360E+07   0.199735E+08   0.201712E+08   0.201721E+08   0.201717E+08  -0.455374E+00   0.986824E+07   0.986772E+07   0.248822E+03
   0.778821E-03   0.201490E+08   0.201463E+08   0.137279E+07   0.123912E+07   0.199079E+08   0.201474E+08   0.201485E+08   0.201477E+08  -0.454818E+00   0.985647E+07   0.985590E+07   0.247019E+03
   0.859958E-03   0.201214E+08   0.201184E+08   0.108872E+07   0.101761E+07   0.198299E+08   0.201195E+08   0.201209E+08   0.201198E+08  -0.454175E+00   0.984272E+07   0.984210E+07   0.241896E+03
   0.949549E-03   0.200892E+08   0.200860E+08   0.940605E+06   0.909719E+06   0.197377E+08   0.200870E+08   0.200887E+08   0.200873E+08  -0.453431E+00   0.982673E+07   0.982606E+07   0.233627E+03
   0.104847E-02   0.200519E+08   0.200483E+08   0.777593E+06   0.757852E+06   0.196290E+08   0.200493E+08   0.200513E+08   0.200495E+08  -0.452572E+00   0.980818E+07   0.980747E+07   0.222542E+03
   0.115770E-02   0.200086E+08   0.200048E+08   0.543599E+06   0.511924E+06   0.195016E+08   0.200056E+08   0.200080E+08   0.200057E+08  -0.451579E+00   0.978672E+07   0.978600E+07   0.209063E+03
   0.127831E-02   0.199586E+08   0.199546E+08   0.311988E+06   0.262173E+06   0.193532E+08   0.199550E+08   0.199579E+08   0.199551E+08  -0.450433E+00   0.976198E+07   0.976124E+07   0.193666E+03
   0.141149E-02   0.199010E+08   0.198969E+08   0.193587E+06   0.135396E+06   0.191821E+08   0.198969E+08   0.199003E+08   0.198969E+08  -0.449116E+00   0.973350E+07   0.973276E+07   0.176931E+03
   0.155854E-02   0.198348E+08   0.198306E+08   0.179546E+06  -0.273402E+06   0.189863E+08   0.198301E+08   0.198341E+08   0.198301E+08  -0.447603E+00   0.970085E+07   0.970010E+07   0.159615E+03
   0.172091E-02   0.197590E+08   0.197548E+08   0.140549E+06  -0.223377E+06   0.187638E+08   0.197536E+08   0.197583E+08   0.197536E+08  -0.445875E+00   0.966346E+07   0.966272E+07   0.142615E+03
   0.190019E-02   0.196725E+08   0.196684E+08   0.473773E+05  -0.182404E+06   0.185135E+08   0.196663E+08   0.196718E+08   0.196663E+08  -0.443903E+00   0.962080E+07   0.962008E+07   0.126756E+03
   0.209815E-02   0.195741E+08   0.195699E+08   0.197941E+05  -0.148855E+06   0.182347E+08   0.195671E+08   0.195734E+08   0.195670E+08  -0.441660E+00   0.957229E+07   0.957158E+07   0.112626E+03
   0.231674E-02   0.194625E+08   0.194583E+08   0.358319E+05  -0.121393E+06   0.179270E+08   0.194545E+08   0.194618E+08   0.194545E+08  -0.439119E+00   0.951731E+07   0.951662E+07   0.100560E+03
   0.255810E-02   0.193364E+08   0.193321E+08   0.893992E+03  -0.989213E+05   0.175903E+08   0.193274E+08   0.193357E+08   0.193274E+08  -0.436250E+00   0.945524E+07   0.945454E+07   0.905322E+02
   0.282460E-02   0.191946E+08   0.191901E+08   0.168234E+04  -0.805405E+05   0.172247E+08   0.191845E+08   0.191938E+08   0.191845E+08  -0.433022E+00   0.938541E+07   0.938472E+07   0.820756E+02
   0.311887E-02   0.190356E+08   0.190308E+08  -0.620635E+04  -0.655133E+05   0.168298E+08   0.190243E+08   0.190348E+08   0.190243E+08  -0.429407E+00   0.930719E+07   0.930649E+07   0.745524E+02
   0.344379E-02   0.188581E+08   0.188531E+08  -0.106073E+05  -0.532345E+05   0.164048E+08   0.188457E+08   0.188573E+08   0.188457E+08  -0.425373E+00   0.921992E+07   0.921923E+07   0.674364E+02
   0.380257E-02   0.186608E+08   0.186556E+08  -0.170326E+05  -0.432079E+05   0.159487E+08   0.186471E+08   0.186599E+08   0.186471E+08  -0.420891E+00   0.912296E+07   0.912227E+07   0.606020E+02
   0.419872E-02   0.184424E+08   0.184368E+08  -0.712918E+04  -0.350262E+05   0.154607E+08   0.184274E+08   0.184415E+08   0.184274E+08  -0.415931E+00   0.901564E+07   0.901496E+07   0.542983E+02
   0.463615E-02   0.182015E+08   0.181955E+08  -0.848917E+04  -0.283550E+05   0.149404E+08   0.181851E+08   0.182005E+08   0.181851E+08  -0.410461E+00   0.889730E+07   0.889662E+07   0.487887E+02
   0.511914E-02   0.179367E+08   0.179302E+08  -0.103959E+05  -0.229202E+05   0.143892E+08   0.179189E+08   0.179357E+08   0.179189E+08  -0.404453E+00   0.876730E+07   0.876662E+07   0.439943E+02
   0.565246E-02   0.176474E+08   0.176402E+08  -0.730413E+04  -0.184975E+05   0.137836E+08   0.176279E+08   0.176462E+08   0.176279E+08  -0.397885E+00   0.862519E+07   0.862452E+07   0.396198E+02
   0.624133E-02   0.173309E+08   0.173231E+08  -0.695084E+04  -0.149011E+05   0.131565E+08   0.173099E+08   0.173296E+08   0.173098E+08  -0.390706E+00   0.846986E+07   0.846919E+07   0.355734E+02
   0.689155E-02   0.169866E+08   0.169778E+08  -0.555668E+04  -0.119803E+05   0.124958E+08   0.169638E+08   0.169851E+08   0.169638E+08  -0.382896E+00   0.830085E+07   0.830019E+07   0.319887E+02
   0.760952E-02   0.166130E+08   0.166032E+08  -0.562250E+04  -0.961127E+04   0.118102E+08   0.165886E+08   0.166113E+08   0.165886E+08  -0.374426E+00   0.811754E+07   0.811689E+07   0.288176E+02
   0.840228E-02   0.162088E+08   0.161977E+08  -0.463181E+04  -0.769233E+04   0.111087E+08   0.161828E+08   0.162069E+08   0.161828E+08  -0.365267E+00   0.791929E+07   0.791864E+07   0.259396E+02
   0.927763E-02   0.157728E+08   0.157603E+08  -0.345805E+04  -0.614039E+04   0.103910E+08   0.157453E+08   0.157707E+08   0.157453E+08  -0.355391E+00   0.770551E+07   0.770486E+07   0.233835E+02
   0.102442E-01   0.153039E+08   0.152896E+08  -0.321818E+04  -0.488733E+04   0.965730E+07   0.152748E+08   0.153015E+08   0.152748E+08  -0.344772E+00   0.747563E+07   0.747498E+07   0.211058E+02
   0.113114E-01   0.148008E+08   0.147845E+08  -0.264498E+04  -0.387740E+04   0.891457E+07   0.147702E+08   0.147981E+08   0.147702E+08  -0.333383E+00   0.722903E+07   0.722838E+07   0.190754E+02
   0.124898E-01   0.142624E+08   0.142436E+08  -0.197562E+04  -0.306502E+04   0.817067E+07   0.142304E+08   0.142592E+08   0.142304E+08  -0.321198E+00   0.696517E+07   0.696452E+07   0.172710E+02
   0.137910E-01   0.136877E+08   0.136663E+08  -0.179485E+04  -0.241304E+04   0.743161E+07   0.136545E+08   0.136841E+08   0.136545E+08  -0.308199E+00   0.668366E+07   0.668301E+07   0.156649E+02
   0.152278E-01   0.130764E+08   0.130519E+08  -0.141737E+04  -0.189109E+04   0.670038E+07   0.130421E+08   0.130723E+08   0.130421E+08  -0.294377E+00   0.638425E+07   0.638360E+07   0.142311E+02
   0.168142E-01   0.124429E+08   0.124150E+08  -0.107663E+04  -0.147618E+04   0.599396E+07   0.124077E+08   0.124382E+08   0.124077E+08  -0.280058E+00   0.607407E+07   0.607342E+07   0.129559E+02
   0.185659E-01   0.117628E+08   0.117313E+08  -0.941823E+03  -0.114477E+04   0.530438E+07   0.117270E+08   0.117575E+08   0.117270E+08  -0.264693E+00   0.574116E+07   0.574050E+07   0.117933E+02
   0.205001E-01   0.110507E+08   0.110153E+08  -0.586168E+03  -0.882238E+03   0.464526E+07   0.110145E+08   0.110447E+08   0.110144E+08  -0.248610E+00   0.539265E+07   0.539199E+07   0.107267E+02
   0.226359E-01   0.103008E+08   0.102616E+08  -0.519164E+03  -0.674612E+03   0.401875E+07   0.102646E+08   0.102943E+08   0.102646E+08  -0.231684E+00   0.502581E+07   0.502515E+07   0.972497E+01
   0.249941E-01   0.953998E+07   0.949718E+07  -0.398120E+03  -0.512519E+03   0.343957E+07   0.950396E+07   0.953279E+07   0.950396E+07  -0.214516E+00   0.465368E+07   0.465303E+07   0.877190E+01
   0.275980E-01   0.877705E+07   0.873122E+07  -0.282851E+03  -0.386801E+03   0.291165E+07   0.874163E+07   0.876935E+07   0.874163E+07  -0.197309E+00   0.428066E+07   0.428001E+07   0.784368E+01
   0.304731E-01   0.801543E+07   0.796756E+07  -0.242546E+03  -0.289762E+03   0.243584E+07   0.798102E+07   0.800739E+07   0.798102E+07  -0.180142E+00   0.390844E+07   0.390781E+07   0.691597E+01
   0.336478E-01   0.727576E+07   0.722728E+07  -0.163998E+03  -0.215759E+03   0.201665E+07   0.724277E+07   0.726762E+07   0.724277E+07  -0.163478E+00   0.354711E+07   0.354650E+07   0.597889E+01
   0.371533E-01   0.658470E+07   0.653748E+07  -0.124024E+03  -0.160181E+03   0.165748E+07   0.655349E+07   0.657677E+07   0.655349E+07  -0.147920E+00   0.320971E+07   0.320915E+07   0.503486E+01
   0.410239E-01   0.595936E+07   0.591555E+07  -0.108103E+03  -0.118927E+03   0.135647E+07   0.593026E+07   0.595201E+07   0.593026E+07  -0.133853E+00   0.290462E+07   0.290412E+07   0.409791E+01
   0.451263E-01   0.543150E+07   0.539294E+07   0.748170E+02  -0.896022E+02   0.111784E+07   0.540464E+07   0.542502E+07   0.540464E+07  -0.121989E+00   0.264730E+07   0.264686E+07   0.323296E+01
   0.492287E-01   0.502077E+07   0.498833E+07   0.581032E+02  -0.696164E+02   0.939392E+06   0.499604E+07   0.501533E+07   0.499604E+07  -0.112767E+00   0.244726E+07   0.244689E+07   0.251123E+01
   0.533311E-01   0.469057E+07   0.466423E+07   0.462480E+02  -0.554327E+02   0.801721E+06   0.466777E+07   0.468615E+07   0.466777E+07  -0.105357E+00   0.228654E+07   0.228623E+07   0.193639E+01
   0.574334E-01   0.441312E+07   0.439212E+07   0.375162E+02  -0.449814E+02   0.692084E+06   0.439200E+07   0.440959E+07   0.439200E+07  -0.991328E-01   0.215151E+07   0.215125E+07   0.150456E+01
   0.615358E-01   0.416740E+07   0.415051E+07   0.308592E+02  -0.370107E+02   0.602012E+06   0.414770E+07   0.416456E+07   0.414770E+07  -0.936187E-01   0.203189E+07   0.203167E+07   0.120262E+01
   0.656382E-01   0.393494E+07   0.392067E+07   0.256068E+02  -0.307199E+02   0.525467E+06   0.391642E+07   0.393254E+07   0.391642E+07  -0.883983E-01   0.191864E+07   0.191844E+07   0.100906E+01
   0.697406E-01   0.370411E+07   0.369100E+07   0.213488E+02  -0.256187E+02   0.458731E+06   0.368656E+07   0.370191E+07   0.368656E+07  -0.832102E-01   0.180607E+07   0.180588E+07   0.897872E+00
   0.738430E-01   0.347683E+07   0.346367E+07   0.178704E+02  -0.214504E+02   0.400518E+06   0.346007E+07   0.347462E+07   0.346007E+07  -0.780981E-01   0.169515E+07   0.169496E+07   0.843110E+00
   0.779454E-01   0.324635E+07   0.323233E+07   0.149717E+02  -0.179757E+02   0.348802E+06   0.323029E+07   0.324400E+07   0.323029E+07  -0.729117E-01   0.158261E+07   0.158242E+07   0.817985E+00
   0.820478E-01   0.302397E+07   0.300875E+07   0.125827E+02  -0.151113E+02   0.303816E+06   0.300855E+07   0.302141E+07   0.300855E+07  -0.679067E-01   0.147400E+07   0.147380E+07   0.802833E+00
   0.861502E-01   0.281612E+07   0.279980E+07   0.106254E+02  -0.127637E+02   0.265196E+06   0.280132E+07   0.281338E+07   0.280132E+07  -0.632292E-01   0.137249E+07   0.137229E+07   0.782756E+00
   0.912715E-01   0.258522E+07   0.256814E+07   0.868768E+01  -0.104387E+02   0.225249E+06   0.257120E+07   0.258236E+07   0.257120E+07  -0.580352E-01   0.125977E+07   0.125957E+07   0.738303E+00
   0.963928E-01   0.239318E+07   0.237636E+07   0.720899E+01  -0.866373E+01   0.193549E+06   0.237996E+07   0.239036E+07   0.237996E+07  -0.537186E-01   0.116609E+07   0.116590E+07   0.669218E+00
   0.101514E+00   0.224229E+07   0.222673E+07   0.608968E+01  -0.731963E+01   0.168832E+06   0.222988E+07   0.223968E+07   0.222988E+07  -0.503311E-01   0.109257E+07   0.109239E+07   0.582030E+00
   0.106635E+00   0.212690E+07   0.211330E+07   0.523497E+01  -0.629292E+01   0.149505E+06   0.211527E+07   0.212461E+07   0.211527E+07  -0.477442E-01   0.103643E+07   0.103627E+07   0.488636E+00
   0.111757E+00   0.203535E+07   0.202399E+07   0.456148E+01  -0.548371E+01   0.133902E+06   0.202445E+07   0.203344E+07   0.202445E+07  -0.456944E-01   0.991937E+06   0.991803E+06   0.401545E+00
   0.116878E+00   0.195503E+07   0.194570E+07   0.400633E+01  -0.481662E+01   0.120654E+06   0.194479E+07   0.195346E+07   0.194479E+07  -0.438962E-01   0.952910E+06   0.952794E+06   0.330408E+00
   0.121999E+00   0.187603E+07   0.186819E+07   0.352866E+01  -0.424264E+01   0.108837E+06   0.186635E+07   0.187471E+07   0.186635E+07  -0.421259E-01   0.914486E+06   0.914384E+06   0.280085E+00
   0.127121E+00   0.179254E+07   0.178548E+07   0.310540E+01  -0.373406E+01   0.979482E+05   0.178334E+07   0.179135E+07   0.178334E+07  -0.402522E-01   0.873818E+06   0.873723E+06   0.250320E+00
   0.132242E+00   0.170299E+07   0.169604E+07   0.272593E+01  -0.327813E+01   0.878035E+05   0.169419E+07   0.170183E+07   0.169419E+07  -0.382399E-01   0.830141E+06   0.830047E+06   0.236773E+00
   0.137363E+00   0.160933E+07   0.160202E+07   0.238713E+01  -0.287105E+01   0.784241E+05   0.160086E+07   0.160810E+07   0.160086E+07  -0.361335E-01   0.784421E+06   0.784325E+06   0.232881E+00
   0.142484E+00   0.151576E+07   0.150790E+07   0.208921E+01  -0.251306E+01   0.699261E+05   0.150761E+07   0.151444E+07   0.150761E+07  -0.340285E-01   0.738730E+06   0.738631E+06   0.231873E+00
   0.147606E+00   0.142757E+07   0.141923E+07   0.183313E+01  -0.220530E+01   0.624420E+05   0.141972E+07   0.142617E+07   0.141972E+07  -0.320447E-01   0.695669E+06   0.695568E+06   0.228420E+00
   0.152727E+00   0.134969E+07   0.134116E+07   0.161861E+01  -0.194741E+01   0.560570E+05   0.134214E+07   0.134825E+07   0.134214E+07  -0.302937E-01   0.657661E+06   0.657560E+06   0.219550E+00
   0.157848E+00   0.128485E+07   0.127652E+07   0.144239E+01  -0.173551E+01   0.507439E+05   0.127762E+07   0.128345E+07   0.127762E+07  -0.288374E-01   0.626048E+06   0.625951E+06   0.204753E+00
   0.162970E+00   0.123262E+07   0.122482E+07   0.129815E+01  -0.156203E+01   0.463534E+05   0.122570E+07   0.123131E+07   0.122570E+07  -0.276656E-01   0.600610E+06   0.600520E+06   0.185484E+00
   0.168091E+00   0.119022E+07   0.118319E+07   0.117836E+01  -0.141791E+01   0.426732E+05   0.118362E+07   0.118904E+07   0.118362E+07  -0.267157E-01   0.579991E+06   0.579908E+06   0.164342E+00
   0.173212E+00   0.115413E+07   0.114792E+07   0.107615E+01  -0.129494E+01   0.394976E+05   0.114782E+07   0.115309E+07   0.114782E+07  -0.259076E-01   0.562450E+06   0.562375E+06   0.144166E+00
   0.178334E+00   0.112075E+07   0.111528E+07   0.985945E+00  -0.118641E+01   0.366515E+05   0.111470E+07   0.111983E+07   0.111470E+07  -0.251602E-01   0.546224E+06   0.546156E+06   0.127230E+00
   0.183455E+00   0.108680E+07   0.108187E+07   0.903488E+00  -0.108721E+01   0.339975E+05   0.108099E+07   0.108597E+07   0.108099E+07  -0.243993E-01   0.529707E+06   0.529644E+06   0.114745E+00
   0.188576E+00   0.105018E+07   0.104553E+07   0.826264E+00  -0.994318E+00   0.314553E+05   0.104458E+07   0.104940E+07   0.104458E+07  -0.235774E-01   0.511865E+06   0.511805E+06   0.106769E+00
   0.193698E+00   0.101066E+07   0.100606E+07   0.753640E+00  -0.906968E+00   0.290113E+05   0.100524E+07   0.100989E+07   0.100524E+07  -0.226896E-01   0.492593E+06   0.492533E+06   0.102429E+00
   0.198819E+00   0.969566E+06   0.964871E+06   0.686169E+00  -0.825821E+00   0.266967E+05   0.964319E+06   0.968778E+06   0.964319E+06  -0.217659E-01   0.472540E+06   0.472481E+06   0.100309E+00
   0.203940E+00   0.928769E+06   0.923910E+06   0.624632E+00  -0.751807E+00   0.245515E+05   0.923678E+06   0.927953E+06   0.923678E+06  -0.208485E-01   0.452627E+06   0.452566E+06   0.988734E-01
   0.209061E+00   0.890087E+06   0.885098E+06   0.569589E+00  -0.685598E+00   0.226077E+05   0.885148E+06   0.889249E+06   0.885148E+06  -0.199789E-01   0.433748E+06   0.433687E+06   0.968554E-01
   0.214183E+00   0.855056E+06   0.850039E+06   0.521278E+00  -0.627478E+00   0.208847E+05   0.850270E+06   0.854213E+06   0.850270E+06  -0.191916E-01   0.416658E+06   0.416598E+06   0.935102E-01
   0.219304E+00   0.824597E+06   0.819685E+06   0.479487E+00  -0.577191E+00   0.193835E+05   0.819965E+06   0.823772E+06   0.819965E+06  -0.185076E-01   0.401809E+06   0.401750E+06   0.886810E-01
   0.224425E+00   0.798702E+06   0.794016E+06   0.443478E+00  -0.533854E+00   0.180828E+05   0.794225E+06   0.797915E+06   0.794225E+06  -0.179266E-01   0.389196E+06   0.389140E+06   0.827014E-01
   0.229547E+00   0.776522E+06   0.772142E+06   0.412153E+00  -0.496149E+00   0.169450E+05   0.772195E+06   0.775786E+06   0.772195E+06  -0.174294E-01   0.378401E+06   0.378349E+06   0.762031E-01
   0.234668E+00   0.756759E+06   0.752711E+06   0.384342E+00  -0.462672E+00   0.159277E+05   0.752576E+06   0.756079E+06   0.752576E+06  -0.169866E-01   0.368788E+06   0.368738E+06   0.698964E-01
   0.239789E+00   0.738040E+06   0.734294E+06   0.359012E+00  -0.432180E+00   0.149923E+05   0.733992E+06   0.737411E+06   0.733992E+06  -0.165671E-01   0.359681E+06   0.359635E+06   0.643753E-01
   0.244911E+00   0.719204E+06   0.715690E+06   0.335380E+00  -0.403736E+00   0.141091E+05   0.715280E+06   0.718614E+06   0.715280E+06  -0.161447E-01   0.350512E+06   0.350468E+06   0.599874E-01
   0.250032E+00   0.699573E+06   0.696202E+06   0.312999E+00  -0.376800E+00   0.132616E+05   0.695761E+06   0.699007E+06   0.695761E+06  -0.157042E-01   0.340948E+06   0.340905E+06   0.567938E-01
   0.255153E+00   0.679067E+06   0.675758E+06   0.291743E+00  -0.351220E+00   0.124462E+05   0.675359E+06   0.678511E+06   0.675359E+06  -0.152437E-01   0.330951E+06   0.330909E+06   0.546071E-01
   0.260274E+00   0.658078E+06   0.654772E+06   0.271697E+00  -0.327097E+00   0.116681E+05   0.654466E+06   0.657523E+06   0.654466E+06  -0.147721E-01   0.320713E+06   0.320672E+06   0.530803E-01
   0.265396E+00   0.637230E+06   0.633902E+06   0.253019E+00  -0.304622E+00   0.109359E+05   0.633710E+06   0.636671E+06   0.633710E+06  -0.143036E-01   0.310542E+06   0.310501E+06   0.518174E-01
   0.270517E+00   0.617198E+06   0.613855E+06   0.235862E+00  -0.283974E+00   0.102576E+05   0.613767E+06   0.616636E+06   0.613767E+06  -0.138535E-01   0.300770E+06   0.300729E+06   0.504762E-01
   0.275638E+00   0.598569E+06   0.595242E+06   0.220313E+00  -0.265260E+00   0.963886E+04   0.595226E+06   0.598010E+06   0.595226E+06  -0.134350E-01   0.291685E+06   0.291644E+06   0.488383E-01
   0.280760E+00   0.581691E+06   0.578425E+06   0.206357E+00  -0.248461E+00   0.908061E+04   0.578435E+06   0.581142E+06   0.578435E+06  -0.130560E-01   0.283457E+06   0.283418E+06   0.468343E-01
   0.285881E+00   0.566581E+06   0.563419E+06   0.193859E+00  -0.233416E+00   0.857848E+04   0.563412E+06   0.566050E+06   0.563412E+06  -0.127169E-01   0.276095E+06   0.276057E+06   0.445282E-01
   0.291002E+00   0.552967E+06   0.549938E+06   0.182603E+00  -0.219865E+00   0.812417E+04   0.549882E+06   0.552458E+06   0.549882E+06  -0.124115E-01   0.269465E+06   0.269429E+06   0.420740E-01
   0.296124E+00   0.540417E+06   0.537532E+06   0.172343E+00  -0.207512E+00   0.770798E+04   0.537414E+06   0.539933E+06   0.537414E+06  -0.121301E-01   0.263356E+06   0.263320E+06   0.396594E-01
   0.301245E+00   0.528460E+06   0.525711E+06   0.162852E+00  -0.196085E+00   0.732051E+04   0.525534E+06   0.527998E+06   0.525534E+06  -0.118619E-01   0.257534E+06   0.257500E+06   0.374514E-01
   0.306366E+00   0.516679E+06   0.514044E+06   0.153945E+00  -0.185361E+00   0.695427E+04   0.513826E+06   0.516236E+06   0.513826E+06  -0.115977E-01   0.251797E+06   0.251764E+06   0.355581E-01
   0.311487E+00   0.504798E+06   0.502247E+06   0.145501E+00  -0.175195E+00   0.660424E+04   0.502014E+06   0.504369E+06   0.502014E+06  -0.113311E-01   0.246009E+06   0.245977E+06   0.340126E-01
   0.316609E+00   0.492736E+06   0.490238E+06   0.137465E+00  -0.165521E+00   0.626848E+04   0.490016E+06   0.492316E+06   0.490016E+06  -0.110603E-01   0.240129E+06   0.240098E+06   0.327785E-01
   0.321730E+00   0.480592E+06   0.478125E+06   0.129840E+00  -0.156342E+00   0.594748E+04   0.477933E+06   0.480177E+06   0.477933E+06  -0.107875E-01   0.234208E+06   0.234178E+06   0.317703E-01
   0.326851E+00   0.468575E+06   0.466127E+06   0.122654E+00  -0.147693E+00   0.564294E+04   0.465975E+06   0.468164E+06   0.465975E+06  -0.105176E-01   0.228349E+06   0.228319E+06   0.308818E-01
   0.331973E+00   0.456924E+06   0.454494E+06   0.115939E+00  -0.139609E+00   0.535673E+04   0.454381E+06   0.456516E+06   0.454381E+06  -0.102559E-01   0.222667E+06   0.222638E+06   0.300140E-01
   0.337094E+00   0.445840E+06   0.443437E+06   0.109713E+00  -0.132114E+00   0.509001E+04   0.443353E+06   0.445437E+06   0.443353E+06  -0.100070E-01   0.217263E+06   0.217234E+06   0.290971E-01
   0.342215E+00   0.435452E+06   0.433090E+06   0.103972E+00  -0.125203E+00   0.484305E+04   0.433020E+06   0.435056E+06   0.433020E+06  -0.977378E-02   0.212200E+06   0.212171E+06   0.281001E-01
   0.347337E+00   0.425789E+06   0.423481E+06   0.986886E-01  -0.118841E+00   0.461487E+04   0.423410E+06   0.425401E+06   0.423410E+06  -0.955688E-02   0.207491E+06   0.207463E+06   0.270305E-01
   0.352458E+00   0.416782E+06   0.414539E+06   0.938144E-01  -0.112972E+00   0.440359E+04   0.414455E+06   0.416405E+06   0.414455E+06  -0.935476E-02   0.203103E+06   0.203075E+06   0.259235E-01
   0.357579E+00   0.408293E+06   0.406120E+06   0.892907E-01  -0.107525E+00   0.420672E+04   0.406017E+06   0.407928E+06   0.406017E+06  -0.916431E-02   0.198968E+06   0.198941E+06   0.248282E-01
   0.362700E+00   0.400160E+06   0.398056E+06   0.850590E-01  -0.102430E+00   0.402175E+04   0.397934E+06   0.399807E+06   0.397934E+06  -0.898185E-02   0.195007E+06   0.194981E+06   0.237926E-01
   0.367822E+00   0.392235E+06   0.390194E+06   0.810695E-01  -0.976258E-01   0.384653E+04   0.390056E+06   0.391892E+06   0.390056E+06  -0.880404E-02   0.191146E+06   0.191121E+06   0.228515E-01
   0.372943E+00   0.384407E+06   0.382417E+06   0.772846E-01  -0.930685E-01   0.367944E+04   0.382273E+06   0.384073E+06   0.382273E+06  -0.862837E-02   0.187332E+06   0.187308E+06   0.220200E-01
   0.378064E+00   0.376620E+06   0.374670E+06   0.736811E-01  -0.887297E-01   0.351954E+04   0.374528E+06   0.376292E+06   0.374528E+06  -0.845356E-02   0.183537E+06   0.183513E+06   0.212932E-01
   0.383186E+00   0.368881E+06   0.366964E+06   0.702503E-01  -0.845990E-01   0.336652E+04   0.366831E+06   0.368559E+06   0.366831E+06  -0.827982E-02   0.179765E+06   0.179741E+06   0.206507E-01
   0.388307E+00   0.361257E+06   0.359366E+06   0.669948E-01  -0.806793E-01   0.322065E+04   0.359247E+06   0.360940E+06   0.359247E+06  -0.810864E-02   0.176049E+06   0.176025E+06   0.200642E-01
   0.393428E+00   0.353826E+06   0.351959E+06   0.639187E-01  -0.769756E-01   0.308223E+04   0.351854E+06   0.353512E+06   0.351854E+06  -0.794178E-02   0.172426E+06   0.172403E+06   0.195047E-01
   0.398550E+00   0.346651E+06   0.344810E+06   0.610228E-01  -0.734888E-01   0.295142E+04   0.344717E+06   0.346342E+06   0.344717E+06  -0.778068E-02   0.168928E+06   0.168906E+06   0.189490E-01
   0.403671E+00   0.339775E+06   0.337963E+06   0.583038E-01  -0.702149E-01   0.282818E+04   0.337878E+06   0.339471E+06   0.337878E+06  -0.762631E-02   0.165577E+06   0.165555E+06   0.183839E-01
   0.408792E+00   0.333221E+06   0.331443E+06   0.557553E-01  -0.671461E-01   0.271227E+04   0.331360E+06   0.332922E+06   0.331360E+06  -0.747919E-02   0.162383E+06   0.162361E+06   0.178074E-01
   0.413913E+00   0.326983E+06   0.325242E+06   0.533659E-01  -0.642689E-01   0.260327E+04   0.325157E+06   0.326690E+06   0.325157E+06  -0.733918E-02   0.159343E+06   0.159322E+06   0.172264E-01
   0.419035E+00   0.321018E+06   0.319316E+06   0.511197E-01  -0.615641E-01   0.250048E+04   0.319226E+06   0.320732E+06   0.319226E+06  -0.720533E-02   0.156437E+06   0.156416E+06   0.166531E-01
   0.424156E+00   0.315266E+06   0.313603E+06   0.489989E-01  -0.590101E-01   0.240311E+04   0.313508E+06   0.314987E+06   0.313508E+06  -0.707625E-02   0.153635E+06   0.153614E+06   0.161007E-01
   0.429277E+00   0.309672E+06   0.308046E+06   0.469880E-01  -0.565886E-01   0.231047E+04   0.307946E+06   0.309399E+06   0.307946E+06  -0.695071E-02   0.150909E+06   0.150889E+06   0.155798E-01
   0.434399E+00   0.304197E+06   0.302605E+06   0.450754E-01  -0.542854E-01   0.222204E+04   0.302502E+06   0.303930E+06   0.302502E+06  -0.682784E-02   0.148242E+06   0.148222E+06   0.150969E-01
   0.439520E+00   0.298817E+06   0.297254E+06   0.432522E-01  -0.520899E-01   0.213745E+04   0.297152E+06   0.298554E+06   0.297152E+06  -0.670708E-02   0.145620E+06   0.145600E+06   0.146526E-01
   0.444641E+00   0.293520E+06   0.291983E+06   0.415122E-01  -0.499947E-01   0.205643E+04   0.291884E+06   0.293262E+06   0.291884E+06  -0.658817E-02   0.143038E+06   0.143019E+06   0.142423E-01
   0.449763E+00   0.288312E+06   0.286800E+06   0.398522E-01  -0.479958E-01   0.197887E+04   0.286705E+06   0.288058E+06   0.286705E+06  -0.647127E-02   0.140500E+06   0.140481E+06   0.138585E-01
   0.454884E+00   0.283218E+06   0.281727E+06   0.382712E-01  -0.460920E-01   0.190477E+04   0.281637E+06   0.282967E+06   0.281637E+06  -0.635689E-02   0.138017E+06   0.137998E+06   0.134928E-01
   0.460005E+00   0.278261E+06   0.276792E+06   0.367687E-01  -0.442826E-01   0.183413E+04   0.276708E+06   0.278015E+06   0.276708E+06  -0.624563E-02   0.135601E+06   0.135583E+06   0.131377E-01
   0.465127E+00   0.273462E+06   0.272015E+06   0.353429E-01  -0.425657E-01   0.176692E+04   0.271934E+06   0.273219E+06   0.271934E+06  -0.613788E-02   0.133262E+06   0.133244E+06   0.127881E-01
   0.470248E+00   0.268824E+06   0.267400E+06   0.339908E-01  -0.409374E-01   0.170300E+04   0.267322E+06   0.268585E+06   0.267322E+06  -0.603378E-02   0.131002E+06   0.130984E+06   0.124417E-01
   0.475369E+00   0.264344E+06   0.262944E+06   0.327079E-01  -0.393926E-01   0.164221E+04   0.262867E+06   0.264109E+06   0.262867E+06  -0.593322E-02   0.128819E+06   0.128801E+06   0.120990E-01
   0.480490E+00   0.260012E+06   0.258637E+06   0.314897E-01  -0.379255E-01   0.158432E+04   0.258559E+06   0.259781E+06   0.258559E+06  -0.583599E-02   0.126708E+06   0.126691E+06   0.117626E-01
   0.485612E+00   0.255814E+06   0.254464E+06   0.303313E-01  -0.365305E-01   0.152914E+04   0.254385E+06   0.255587E+06   0.254385E+06  -0.574178E-02   0.124662E+06   0.124645E+06   0.114360E-01
   0.490733E+00   0.251731E+06   0.250406E+06   0.292275E-01  -0.352012E-01   0.147643E+04   0.250325E+06   0.251509E+06   0.250325E+06  -0.565015E-02   0.122673E+06   0.122656E+06   0.111223E-01
   0.495854E+00   0.247744E+06   0.246441E+06   0.281734E-01  -0.339317E-01   0.142595E+04   0.246360E+06   0.247525E+06   0.246360E+06  -0.556065E-02   0.120730E+06   0.120714E+06   0.108236E-01
   0.500976E+00   0.243835E+06   0.242554E+06   0.271649E-01  -0.327172E-01   0.137753E+04   0.242474E+06   0.243620E+06   0.242474E+06  -0.547293E-02   0.118825E+06   0.118809E+06   0.105406E-01
   0.506097E+00   0.240002E+06   0.238741E+06   0.261994E-01  -0.315544E-01   0.133105E+04   0.238661E+06   0.239790E+06   0.238661E+06  -0.538688E-02   0.116957E+06   0.116941E+06   0.102726E-01
   0.511218E+00   0.236246E+06   0.235004E+06   0.252751E-01  -0.304414E-01   0.128645E+04   0.234926E+06   0.236037E+06   0.234926E+06  -0.530257E-02   0.115126E+06   0.115111E+06   0.100178E-01
   0.516340E+00   0.232570E+06   0.231346E+06   0.243907E-01  -0.293763E-01   0.124366E+04   0.231270E+06   0.232364E+06   0.231270E+06  -0.522006E-02   0.113335E+06   0.113320E+06   0.977365E-02
   0.521461E+00   0.228977E+06   0.227770E+06   0.235444E-01  -0.283571E-01   0.120263E+04   0.227697E+06   0.228774E+06   0.227697E+06  -0.513940E-02   0.111584E+06   0.111569E+06   0.953778E-02
   0.526582E+00   0.225471E+06   0.224282E+06   0.227351E-01  -0.273824E-01   0.116329E+04   0.224210E+06   0.225271E+06   0.224210E+06  -0.506070E-02   0.109875E+06   0.109861E+06   0.930819E-02
   0.531703E+00   0.222058E+06   0.220886E+06   0.219616E-01  -0.264510E-01   0.112562E+04   0.220816E+06   0.221861E+06   0.220816E+06  -0.498409E-02   0.108212E+06   0.108197E+06   0.908376E-02
   0.536825E+00   0.218739E+06   0.217585E+06   0.212226E-01  -0.255609E-01   0.108954E+04   0.217516E+06   0.218545E+06   0.217516E+06  -0.490960E-02   0.106595E+06   0.106580E+06   0.886414E-02
   0.541946E+00   0.215510E+06   0.214373E+06   0.205159E-01  -0.247099E-01   0.105498E+04   0.214305E+06   0.215319E+06   0.214305E+06  -0.483712E-02   0.105021E+06   0.105007E+06   0.864957E-02
   0.547067E+00   0.212362E+06   0.211242E+06   0.198395E-01  -0.238952E-01   0.102183E+04   0.211175E+06   0.212174E+06   0.211175E+06  -0.476647E-02   0.103487E+06   0.103473E+06   0.844068E-02
   0.559946E+00   0.204773E+06   0.203695E+06   0.182606E-01  -0.219937E-01   0.944159E+03   0.203628E+06   0.204592E+06   0.203628E+06  -0.459613E-02   0.997889E+05   0.997756E+05   0.794526E-02
   0.593872E+00   0.186590E+06   0.185607E+06   0.147922E-01  -0.178165E-01   0.772046E+03   0.185546E+06   0.186425E+06   0.185546E+06  -0.418800E-02   0.909279E+05   0.909157E+05   0.684076E-02
   0.629853E+00   0.169978E+06   0.169083E+06   0.119795E-01  -0.144290E-01   0.630787E+03   0.169027E+06   0.169828E+06   0.169027E+06  -0.381515E-02   0.828327E+05   0.828216E+05   0.587962E-02
   0.879031E+00   0.993662E+05   0.988432E+05   0.359534E-02  -0.433076E-02   0.197102E+03   0.988095E+05   0.992784E+05   0.988095E+05  -0.223025E-02   0.484225E+05   0.484159E+05   0.249196E-02
   0.122679E+01   0.573861E+05   0.570840E+05   0.106602E-02  -0.128413E-02   0.600278E+02   0.570643E+05   0.573354E+05   0.570643E+05  -0.128801E-02   0.279649E+05   0.279611E+05   0.105512E-02
   0.171212E+01   0.327970E+05   0.326242E+05   0.312789E-03  -0.376799E-03   0.179148E+02   0.326130E+05   0.327680E+05   0.326130E+05  -0.736116E-03   0.159824E+05   0.159800E+05   0.451409E-03
   0.238945E+01   0.185760E+05   0.184779E+05   0.909544E-04  -0.109573E-03   0.526297E+01   0.184717E+05   0.185595E+05   0.184717E+05  -0.416930E-03   0.905229E+04   0.905087E+04   0.198554E-03
   0.333475E+01   0.104397E+05   0.103843E+05   0.262421E-04  -0.316163E-04   0.152754E+01   0.103810E+05   0.104304E+05   0.103810E+05  -0.234313E-03   0.508736E+04   0.508644E+04   0.920224E-04
   0.465402E+01   0.582739E+04   0.579619E+04   0.751968E-05  -0.906098E-05   0.439179E+00   0.579460E+04   0.582216E+04   0.579460E+04  -0.130791E-03   0.283973E+04   0.283909E+04   0.462129E-04
   0.649521E+01   0.323353E+04   0.321591E+04   0.214172E-05  -0.258143E-05   0.125324E+00   0.321529E+04   0.323057E+04   0.321529E+04  -0.725729E-04   0.157571E+04   0.157521E+04   0.256605E-04
   0.906480E+01   0.178485E+04   0.177478E+04   0.606655E-06  -0.731607E-06   0.355413E-01   0.177472E+04   0.178316E+04   0.177472E+04  -0.400575E-04   0.869744E+03   0.869316E+03   0.157618E-04
   0.126509E+02   0.980612E+03   0.974724E+03   0.170959E-06  -0.206391E-06   0.100284E-01   0.974988E+03   0.979624E+03   0.974988E+03  -0.220067E-04   0.477829E+03   0.477431E+03   0.105070E-04
