#          k/h    CDM            baryon         photon         nu             mass_nu        total          no_nu          total_de       Weyl           v_CDM          v_b            v_b-v_c     
   0.994668E-05   0.158349E+08   0.158349E+08   0.211051E+08   0.211048E+08   0.158377E+08   0.158349E+08   0.158349E+08   0.158433E+08  -0.536735E+00   0.115431E+08   0.115431E+08   0.854682E+01
   0.109829E-04   0.158348E+08   0.158348E+08   0.211033E+08   0.211030E+08   0.158377E+08   0.158349E+08   0.158348E+08   0.158433E+08  -0.536735E+00   0.115431E+08   0.115431E+08   0.943699E+01
   0.121271E-04   0.158348E+08   0.158348E+08   0.211011E+08   0.211007E+08   0.158377E+08   0.158349E+08   0.158348E+08   0.158433E+08  -0.536734E+00   0.115431E+08   0.115431E+08   0.104198E+02
   0.133905E-04   0.158348E+08   0.158348E+08   0.210985E+08   0.210980E+08   0.158377E+08   0.158349E+08   0.158348E+08   0.158433E+08  -0.536734E+00   0.115431E+08   0.115431E+08   0.115049E+02
   0.147856E-04   0.158348E+08   0.158348E+08   0.210953E+08   0.210947E+08   0.158377E+08   0.158348E+08   0.158348E+08   0.158433E+08  -0.536734E+00   0.115431E+08   0.115431E+08   0.127029E+02
   0.163259E-04   0.158348E+08   0.158348E+08   0.210913E+08   0.210906E+08   0.158376E+08   0.158348E+08   0.158348E+08   0.158433E+08  -0.536733E+00   0.115431E+08   0.115431E+08   0.140255E+02
   0.180268E-04   0.158348E+08   0.158348E+08   0.210866E+08   0.210857E+08   0.158376E+08   0.158348E+08   0.158348E+08   0.158433E+08  -0.536733E+00   0.115431E+08   0.115431E+08   0.154856E+02
   0.199048E-04   0.158348E+08   0.158348E+08   0.210807E+08   0.210796E+08   0.158376E+08   0.158348E+08   0.158348E+08   0.158433E+08  -0.536732E+00   0.115431E+08   0.115431E+08   0.170974E+02
   0.219785E-04   0.158348E+08   0.158348E+08   0.210736E+08   0.210723E+08   0.158375E+08   0.158348E+08   0.158348E+08   0.158432E+08  -0.536731E+00   0.115431E+08   0.115431E+08   0.188767E+02
   0.242682E-04   0.158348E+08   0.158347E+08   0.210650E+08   0.210633E+08   0.158375E+08   0.158348E+08   0.158348E+08   0.158432E+08  -0.536730E+00   0.115431E+08   0.115430E+08   0.208406E+02
   0.267965E-04   0.158347E+08   0.158347E+08   0.210544E+08   0.210524E+08   0.158374E+08   0.158347E+08   0.158347E+08   0.158432E+08  -0.536729E+00   0.115430E+08   0.115430E+08   0.230083E+02
   0.295882E-04   0.158347E+08   0.158347E+08   0.210416E+08   0.210391E+08   0.158373E+08   0.158347E+08   0.158347E+08   0.158431E+08  -0.536728E+00   0.115430E+08   0.115430E+08   0.254005E+02
   0.326707E-04   0.158347E+08   0.158346E+08   0.210259E+08   0.210229E+08   0.158372E+08   0.158347E+08   0.158347E+08   0.158431E+08  -0.536726E+00   0.115430E+08   0.115430E+08   0.280403E+02
   0.360743E-04   0.158346E+08   0.158346E+08   0.210068E+08   0.210032E+08   0.158370E+08   0.158346E+08   0.158346E+08   0.158430E+08  -0.536724E+00   0.115429E+08   0.115429E+08   0.309530E+02
   0.398325E-04   0.158345E+08   0.158345E+08   0.209836E+08   0.209792E+08   0.158369E+08   0.158346E+08   0.158345E+08   0.158430E+08  -0.536722E+00   0.115429E+08   0.115429E+08   0.341660E+02
   0.439823E-04   0.158345E+08   0.158345E+08   0.209553E+08   0.209499E+08   0.158367E+08   0.158345E+08   0.158345E+08   0.158429E+08  -0.536719E+00   0.115428E+08   0.115428E+08   0.377099E+02
   0.485644E-04   0.158344E+08   0.158344E+08   0.209208E+08   0.209142E+08   0.158364E+08   0.158344E+08   0.158344E+08   0.158428E+08  -0.536715E+00   0.115428E+08   0.115428E+08   0.416175E+02
   0.536238E-04   0.158343E+08   0.158343E+08   0.208789E+08   0.208709E+08   0.158361E+08   0.158343E+08   0.158343E+08   0.158427E+08  -0.536710E+00   0.115427E+08   0.115427E+08   0.459249E+02
   0.592104E-04   0.158341E+08   0.158341E+08   0.208278E+08   0.208181E+08   0.158357E+08   0.158342E+08   0.158341E+08   0.158425E+08  -0.536705E+00   0.115426E+08   0.115426E+08   0.506714E+02
   0.653789E-04   0.158340E+08   0.158340E+08   0.207658E+08   0.207539E+08   0.158353E+08   0.158340E+08   0.158340E+08   0.158423E+08  -0.536698E+00   0.115425E+08   0.115425E+08   0.558992E+02
   0.721901E-04   0.158338E+08   0.158338E+08   0.206903E+08   0.206760E+08   0.158347E+08   0.158338E+08   0.158338E+08   0.158421E+08  -0.536690E+00   0.115423E+08   0.115423E+08   0.616541E+02
   0.797109E-04   0.158336E+08   0.158335E+08   0.205987E+08   0.205812E+08   0.158340E+08   0.158336E+08   0.158336E+08   0.158418E+08  -0.536680E+00   0.115422E+08   0.115422E+08   0.679848E+02
   0.880152E-04   0.158333E+08   0.158332E+08   0.204875E+08   0.204663E+08   0.158332E+08   0.158333E+08   0.158333E+08   0.158415E+08  -0.536668E+00   0.115420E+08   0.115419E+08   0.749434E+02
   0.971847E-04   0.158329E+08   0.158329E+08   0.203527E+08   0.203270E+08   0.158322E+08   0.158329E+08   0.158329E+08   0.158411E+08  -0.536653E+00   0.115417E+08   0.115417E+08   0.825843E+02
   0.107309E-03   0.158325E+08   0.158324E+08   0.201895E+08   0.201583E+08   0.158310E+08   0.158325E+08   0.158325E+08   0.158406E+08  -0.536635E+00   0.115414E+08   0.115414E+08   0.909643E+02
   0.118489E-03   0.158320E+08   0.158319E+08   0.199922E+08   0.199545E+08   0.158295E+08   0.158319E+08   0.158320E+08   0.158400E+08  -0.536613E+00   0.115410E+08   0.115410E+08   0.100141E+03
   0.130833E-03   0.158313E+08   0.158312E+08   0.197541E+08   0.197085E+08   0.158277E+08   0.158313E+08   0.158313E+08   0.158392E+08  -0.536586E+00   0.115405E+08   0.115405E+08   0.110172E+03
   0.144463E-03   0.158306E+08   0.158304E+08   0.194674E+08   0.194124E+08   0.158255E+08   0.158305E+08   0.158305E+08   0.158383E+08  -0.536553E+00   0.115400E+08   0.115399E+08   0.121111E+03
   0.159514E-03   0.158296E+08   0.158295E+08   0.191232E+08   0.190570E+08   0.158228E+08   0.158296E+08   0.158296E+08   0.158372E+08  -0.536514E+00   0.115393E+08   0.115392E+08   0.133008E+03
   0.176132E-03   0.158285E+08   0.158283E+08   0.187113E+08   0.186320E+08   0.158195E+08   0.158284E+08   0.158285E+08   0.158359E+08  -0.536466E+00   0.115384E+08   0.115383E+08   0.145904E+03
   0.194481E-03   0.158271E+08   0.158269E+08   0.182205E+08   0.181257E+08   0.158155E+08   0.158270E+08   0.158271E+08   0.158343E+08  -0.536408E+00   0.115374E+08   0.115373E+08   0.159822E+03
   0.214742E-03   0.158254E+08   0.158251E+08   0.176386E+08   0.175259E+08   0.158106E+08   0.158253E+08   0.158254E+08   0.158324E+08  -0.536337E+00   0.115362E+08   0.115360E+08   0.174768E+03
   0.237114E-03   0.158234E+08   0.158230E+08   0.169531E+08   0.168198E+08   0.158047E+08   0.158232E+08   0.158233E+08   0.158300E+08  -0.536252E+00   0.115347E+08   0.115345E+08   0.190714E+03
   0.261817E-03   0.158209E+08   0.158205E+08   0.161516E+08   0.159951E+08   0.157975E+08   0.158207E+08   0.158208E+08   0.158272E+08  -0.536150E+00   0.115328E+08   0.115326E+08   0.207592E+03
   0.289093E-03   0.158179E+08   0.158174E+08   0.152235E+08   0.150411E+08   0.157888E+08   0.158177E+08   0.158178E+08   0.158237E+08  -0.536026E+00   0.115306E+08   0.115304E+08   0.225280E+03
   0.319211E-03   0.158142E+08   0.158137E+08   0.141612E+08   0.139509E+08   0.157782E+08   0.158140E+08   0.158141E+08   0.158196E+08  -0.535877E+00   0.115279E+08   0.115276E+08   0.243584E+03
   0.352466E-03   0.158098E+08   0.158092E+08   0.129630E+08   0.127235E+08   0.157654E+08   0.158095E+08   0.158097E+08   0.158147E+08  -0.535699E+00   0.115247E+08   0.115243E+08   0.262227E+03
   0.389186E-03   0.158045E+08   0.158037E+08   0.116355E+08   0.113671E+08   0.157498E+08   0.158041E+08   0.158044E+08   0.158088E+08  -0.535486E+00   0.115207E+08   0.115203E+08   0.280827E+03
   0.429732E-03   0.157982E+08   0.157972E+08   0.101978E+08   0.990255E+07   0.157310E+08   0.157977E+08   0.157980E+08   0.158017E+08  -0.535233E+00   0.115160E+08   0.115156E+08   0.298888E+03
   0.474501E-03   0.157905E+08   0.157894E+08   0.868417E+07   0.836721E+07   0.157082E+08   0.157899E+08   0.157903E+08   0.157934E+08  -0.534932E+00   0.115103E+08   0.115098E+08   0.315792E+03
   0.523935E-03   0.157813E+08   0.157800E+08   0.714697E+07   0.681674E+07   0.156808E+08   0.157807E+08   0.157811E+08   0.157835E+08  -0.534578E+00   0.115035E+08   0.115029E+08   0.330810E+03
   0.578519E-03   0.157704E+08   0.157689E+08   0.565601E+07   0.532467E+07   0.156478E+08   0.157696E+08   0.157702E+08   0.157718E+08  -0.534162E+00   0.114954E+08   0.114947E+08   0.343127E+03
   0.638789E-03   0.157574E+08   0.157556E+08   0.429344E+07   0.397652E+07   0.156081E+08   0.157564E+08   0.157571E+08   0.157581E+08  -0.533675E+00   0.114857E+08   0.114850E+08   0.351904E+03
   0.705338E-03   0.157421E+08   0.157400E+08   0.314171E+07   0.285659E+07   0.155606E+08   0.157409E+08   0.157417E+08   0.157421E+08  -0.533108E+00   0.114743E+08   0.114734E+08   0.356360E+03
   0.778821E-03   0.157239E+08   0.157216E+08   0.226392E+07   0.202702E+07   0.155040E+08   0.157225E+08   0.157235E+08   0.157234E+08  -0.532452E+00   0.114608E+08   0.114598E+08   0.355891E+03
   0.859958E-03   0.157027E+08   0.157000E+08   0.167994E+07   0.150271E+07   0.154366E+08   0.157010E+08   0.157022E+08   0.157016E+08  -0.531693E+00   0.114450E+08   0.114439E+08   0.350190E+03
   0.949549E-03   0.156778E+08   0.156749E+08   0.134792E+07   0.123267E+07   0.153569E+08   0.156758E+08   0.156773E+08   0.156763E+08  -0.530818E+00   0.114265E+08   0.114254E+08   0.339340E+03
   0.104847E-02   0.156488E+08   0.156456E+08   0.116679E+07   0.110450E+07   0.152628E+08   0.156464E+08   0.156483E+08   0.156469E+08  -0.529808E+00   0.114050E+08   0.114038E+08   0.323825E+03
   0.115770E-02   0.156152E+08   0.156118E+08   0.101397E+07   0.986273E+06   0.151524E+08   0.156124E+08   0.156146E+08   0.156128E+08  -0.528645E+00   0.113801E+08   0.113789E+08   0.304452E+03
   0.127831E-02   0.155763E+08   0.155728E+08   0.812326E+06   0.798437E+06   0.150238E+08   0.155731E+08   0.155757E+08   0.155734E+08  -0.527304E+00   0.113514E+08   0.113501E+08   0.282182E+03
   0.141149E-02   0.155315E+08   0.155278E+08   0.582857E+06   0.568232E+06   0.148756E+08   0.155278E+08   0.155309E+08   0.155280E+08  -0.525762E+00   0.113183E+08   0.113170E+08   0.257999E+03
   0.155854E-02   0.154800E+08   0.154763E+08   0.416654E+06   0.396994E+06   0.147061E+08   0.154757E+08   0.154794E+08   0.154759E+08  -0.523992E+00   0.112804E+08   0.112791E+08   0.232912E+03
   0.172091E-02   0.154211E+08   0.154173E+08   0.357726E+06   0.195847E+06   0.145139E+08   0.154161E+08   0.154204E+08   0.154163E+08  -0.521967E+00   0.112369E+08   0.112357E+08   0.208081E+03
   0.190019E-02   0.153537E+08   0.153500E+08   0.327589E+06   0.159929E+06   0.142981E+08   0.153481E+08   0.153531E+08   0.153482E+08  -0.519659E+00   0.111874E+08   0.111862E+08   0.184806E+03
   0.209815E-02   0.152771E+08   0.152733E+08   0.241781E+06   0.130514E+06   0.140585E+08   0.152707E+08   0.152765E+08   0.152708E+08  -0.517035E+00   0.111310E+08   0.111298E+08   0.164169E+03
   0.231674E-02   0.151902E+08   0.151864E+08   0.160898E+06   0.106432E+06   0.137951E+08   0.151829E+08   0.151895E+08   0.151830E+08  -0.514061E+00   0.110672E+08   0.110660E+08   0.146619E+03
   0.255810E-02   0.150920E+08   0.150881E+08   0.146927E+06   0.867220E+05   0.135084E+08   0.150838E+08   0.150913E+08   0.150839E+08  -0.510703E+00   0.109950E+08   0.109939E+08   0.131991E+03
   0.282460E-02   0.149815E+08   0.149774E+08   0.118287E+06   0.705996E+05   0.131992E+08   0.149723E+08   0.149808E+08   0.149724E+08  -0.506926E+00   0.109139E+08   0.109127E+08   0.119700E+03
   0.311887E-02   0.148576E+08   0.148532E+08   0.876295E+05   0.574183E+05   0.128675E+08   0.148474E+08   0.148568E+08   0.148475E+08  -0.502696E+00   0.108230E+08   0.108218E+08   0.108780E+03
   0.344379E-02   0.147193E+08   0.147147E+08   0.792980E+05   0.466478E+05   0.125132E+08   0.147081E+08   0.147185E+08   0.147081E+08  -0.497976E+00   0.107216E+08   0.107205E+08   0.984164E+02
   0.380257E-02   0.145655E+08   0.145606E+08   0.513291E+05   0.378532E+05   0.121357E+08   0.145532E+08   0.145647E+08   0.145532E+08  -0.492731E+00   0.106090E+08   0.106078E+08   0.884610E+02
   0.419872E-02   0.143953E+08   0.143900E+08   0.451657E+05   0.306773E+05   0.117346E+08   0.143818E+08   0.143944E+08   0.143818E+08  -0.486927E+00   0.104843E+08   0.104831E+08   0.792650E+02
   0.463615E-02   0.142074E+08   0.142018E+08   0.323530E+05   0.248268E+05   0.113097E+08   0.141928E+08   0.142065E+08   0.141928E+08  -0.480527E+00   0.103468E+08   0.103456E+08   0.712378E+02
   0.511914E-02   0.140010E+08   0.139949E+08   0.251423E+05   0.200614E+05   0.108621E+08   0.139852E+08   0.140000E+08   0.139852E+08  -0.473497E+00   0.101957E+08   0.101946E+08   0.642575E+02
   0.565246E-02   0.137754E+08   0.137687E+08   0.256098E+05   0.161839E+05   0.103703E+08   0.137582E+08   0.137743E+08   0.137582E+08  -0.465812E+00   0.100306E+08   0.100295E+08   0.578844E+02
   0.624133E-02   0.135287E+08   0.135212E+08   0.205512E+05   0.130317E+05   0.986506E+07   0.135101E+08   0.135274E+08   0.135101E+08  -0.457412E+00   0.985009E+07   0.984896E+07   0.519871E+02
   0.689155E-02   0.132602E+08   0.132518E+08   0.141570E+05   0.104724E+05   0.933432E+07   0.132402E+08   0.132588E+08   0.132402E+08  -0.448273E+00   0.965370E+07   0.965257E+07   0.467663E+02
   0.760952E-02   0.129688E+08   0.129594E+08   0.113669E+05   0.839733E+04   0.878571E+07   0.129475E+08   0.129673E+08   0.129475E+08  -0.438362E+00   0.944068E+07   0.943955E+07   0.421492E+02
   0.840228E-02   0.126536E+08   0.126429E+08   0.977812E+04   0.671719E+04   0.822821E+07   0.126309E+08   0.126518E+08   0.126309E+08  -0.427644E+00   0.921027E+07   0.920916E+07   0.379581E+02
   0.927763E-02   0.123136E+08   0.123014E+08   0.707752E+04   0.535893E+04   0.766198E+07   0.122896E+08   0.123116E+08   0.122896E+08  -0.416088E+00   0.896181E+07   0.896070E+07   0.342375E+02
   0.102442E-01   0.119479E+08   0.119339E+08   0.490756E+04   0.426273E+04   0.708588E+07   0.119226E+08   0.119456E+08   0.119226E+08  -0.403661E+00   0.869462E+07   0.869352E+07   0.309229E+02
   0.113114E-01   0.115555E+08   0.115395E+08   0.408100E+04   0.337969E+04   0.650592E+07   0.115289E+08   0.115528E+08   0.115289E+08  -0.390333E+00   0.840799E+07   0.840688E+07   0.279689E+02
   0.124898E-01   0.111354E+08   0.111170E+08   0.277930E+04   0.266980E+04   0.592964E+07   0.111077E+08   0.111323E+08   0.111077E+08  -0.376073E+00   0.810128E+07   0.810018E+07   0.253446E+02
   0.137910E-01   0.106871E+08   0.106660E+08   0.271037E+04   0.210040E+04   0.536181E+07   0.106584E+08   0.106836E+08   0.106584E+08  -0.360860E+00   0.777403E+07   0.777292E+07   0.230091E+02
   0.152278E-01   0.102102E+08   0.101860E+08   0.203314E+04   0.164488E+04   0.480435E+07   0.101805E+08   0.102061E+08   0.101805E+08  -0.344682E+00   0.742596E+07   0.742485E+07   0.209244E+02
   0.168142E-01   0.971593E+07   0.968841E+07   0.145403E+04   0.128303E+04   0.427071E+07   0.968556E+07   0.971131E+07   0.968556E+07  -0.327923E+00   0.706534E+07   0.706422E+07   0.190701E+02
   0.185659E-01   0.918526E+07   0.915408E+07   0.110701E+04   0.994229E+03   0.375498E+07   0.915435E+07   0.918002E+07   0.915435E+07  -0.309938E+00   0.667826E+07   0.667713E+07   0.173785E+02
   0.205001E-01   0.862956E+07   0.859455E+07   0.831350E+03   0.765627E+03   0.326661E+07   0.859832E+07   0.862368E+07   0.859832E+07  -0.291112E+00   0.627303E+07   0.627190E+07   0.158251E+02
   0.226359E-01   0.804439E+07   0.800554E+07   0.670189E+03   0.584991E+03   0.280683E+07   0.801311E+07   0.803787E+07   0.801311E+07  -0.271299E+00   0.584645E+07   0.584531E+07   0.143639E+02
   0.249941E-01   0.745058E+07   0.740814E+07   0.456840E+03   0.444089E+03   0.238557E+07   0.741952E+07   0.744345E+07   0.741952E+07  -0.251202E+00   0.541370E+07   0.541256E+07   0.129707E+02
   0.275980E-01   0.685510E+07   0.680963E+07   0.367800E+03   0.334902E+03   0.200495E+07   0.682455E+07   0.684747E+07   0.682455E+07  -0.231058E+00   0.497988E+07   0.497876E+07   0.116093E+02
   0.304731E-01   0.626059E+07   0.621306E+07   0.334431E+03   0.250696E+03   0.166504E+07   0.623090E+07   0.625261E+07   0.623090E+07  -0.210959E+00   0.454697E+07   0.454588E+07   0.102448E+02
   0.336478E-01   0.568313E+07   0.563498E+07   0.211996E+03   0.186537E+03   0.136820E+07   0.565466E+07   0.567505E+07   0.565466E+07  -0.191449E+00   0.412670E+07   0.412566E+07   0.886216E+01
   0.371533E-01   0.514354E+07   0.509663E+07   0.147320E+03   0.138392E+03   0.111598E+07   0.511664E+07   0.513567E+07   0.511664E+07  -0.173233E+00   0.373426E+07   0.373329E+07   0.746528E+01
   0.410239E-01   0.465518E+07   0.461164E+07   0.123527E+03   0.102684E+03   0.906251E+06   0.463016E+07   0.464787E+07   0.463016E+07  -0.156763E+00   0.337939E+07   0.337852E+07   0.607554E+01
   0.451263E-01   0.424284E+07   0.420452E+07   0.798730E+02   0.773213E+02   0.741224E+06   0.421986E+07   0.423641E+07   0.421986E+07  -0.142871E+00   0.308006E+07   0.307931E+07   0.479034E+01
   0.492287E-01   0.392193E+07   0.388969E+07   0.620289E+02   0.600467E+02   0.618586E+06   0.390091E+07   0.391652E+07   0.390091E+07  -0.132072E+00   0.284736E+07   0.284672E+07   0.371675E+01
   0.533311E-01   0.366389E+07   0.363771E+07   0.493720E+02   0.477939E+02   0.524554E+06   0.364466E+07   0.365949E+07   0.364466E+07  -0.123397E+00   0.266039E+07   0.265986E+07   0.286137E+01
   0.574334E-01   0.344705E+07   0.342620E+07   0.400499E+02   0.387695E+02   0.450133E+06   0.342938E+07   0.344355E+07   0.342938E+07  -0.116108E+00   0.250332E+07   0.250288E+07   0.221908E+01
   0.615358E-01   0.325504E+07   0.323828E+07   0.329431E+02   0.318897E+02   0.389385E+06   0.323868E+07   0.325223E+07   0.323868E+07  -0.109651E+00   0.236417E+07   0.236379E+07   0.177063E+01
   0.656382E-01   0.307343E+07   0.305927E+07   0.273360E+02   0.264618E+02   0.338106E+06   0.305812E+07   0.307105E+07   0.305812E+07  -0.103538E+00   0.223241E+07   0.223207E+07   0.148410E+01
   0.697406E-01   0.289314E+07   0.288013E+07   0.227908E+02   0.220618E+02   0.293730E+06   0.287867E+07   0.289096E+07   0.287867E+07  -0.974626E-01   0.210146E+07   0.210114E+07   0.132068E+01
   0.738430E-01   0.271567E+07   0.270261E+07   0.190778E+02   0.184675E+02   0.255282E+06   0.270184E+07   0.271348E+07   0.270184E+07  -0.914759E-01   0.197241E+07   0.197209E+07   0.124150E+01
   0.779454E-01   0.253572E+07   0.252180E+07   0.159836E+02   0.154722E+02   0.221356E+06   0.252244E+07   0.253338E+07   0.252244E+07  -0.854018E-01   0.184148E+07   0.184115E+07   0.120648E+01
   0.820478E-01   0.236210E+07   0.234699E+07   0.134336E+02   0.130038E+02   0.192018E+06   0.234931E+07   0.235956E+07   0.234931E+07  -0.795401E-01   0.171512E+07   0.171478E+07   0.118611E+01
   0.861502E-01   0.219983E+07   0.218362E+07   0.113443E+02   0.109813E+02   0.166958E+06   0.218750E+07   0.219711E+07   0.218750E+07  -0.740619E-01   0.159702E+07   0.159667E+07   0.115804E+01
   0.912715E-01   0.201955E+07   0.200258E+07   0.927574E+01   0.897887E+01   0.141159E+06   0.200782E+07   0.201670E+07   0.200782E+07  -0.679786E-01   0.146587E+07   0.146552E+07   0.109351E+01
   0.963928E-01   0.186957E+07   0.185285E+07   0.769711E+01   0.745074E+01   0.120771E+06   0.185850E+07   0.186676E+07   0.185850E+07  -0.629229E-01   0.135687E+07   0.135653E+07   0.991597E+00
   0.101514E+00   0.175169E+07   0.173622E+07   0.650204E+01   0.629391E+01   0.104920E+06   0.174131E+07   0.174909E+07   0.174131E+07  -0.589554E-01   0.127133E+07   0.127102E+07   0.862158E+00
   0.106635E+00   0.166151E+07   0.164800E+07   0.558941E+01   0.541048E+01   0.925509E+05   0.165182E+07   0.165924E+07   0.165182E+07  -0.559255E-01   0.120600E+07   0.120573E+07   0.723117E+00
   0.111757E+00   0.158993E+07   0.157865E+07   0.487026E+01   0.471434E+01   0.825894E+05   0.158092E+07   0.158804E+07   0.158092E+07  -0.535248E-01   0.115423E+07   0.115400E+07   0.593330E+00
   0.116878E+00   0.152714E+07   0.151788E+07   0.427747E+01   0.414052E+01   0.741590E+05   0.151871E+07   0.152558E+07   0.151871E+07  -0.514188E-01   0.110882E+07   0.110863E+07   0.487350E+00
   0.121999E+00   0.146539E+07   0.145761E+07   0.376745E+01   0.364683E+01   0.666749E+05   0.145747E+07   0.146408E+07   0.145747E+07  -0.493453E-01   0.106412E+07   0.106394E+07   0.412528E+00
   0.127121E+00   0.140016E+07   0.139315E+07   0.331555E+01   0.320939E+01   0.598145E+05   0.139265E+07   0.139899E+07   0.139265E+07  -0.471507E-01   0.101680E+07   0.101663E+07   0.368506E+00
   0.132242E+00   0.133023E+07   0.132333E+07   0.291044E+01   0.281725E+01   0.534577E+05   0.132303E+07   0.132907E+07   0.132303E+07  -0.447937E-01   0.965977E+06   0.965816E+06   0.348787E+00
   0.137363E+00   0.125710E+07   0.124984E+07   0.254876E+01   0.246714E+01   0.476092E+05   0.125016E+07   0.125588E+07   0.125016E+07  -0.423265E-01   0.912778E+06   0.912613E+06   0.343520E+00
   0.142484E+00   0.118405E+07   0.117623E+07   0.223073E+01   0.215929E+01   0.423325E+05   0.117734E+07   0.118273E+07   0.117734E+07  -0.398609E-01   0.859615E+06   0.859444E+06   0.342540E+00
   0.147606E+00   0.111519E+07   0.110690E+07   0.195735E+01   0.189467E+01   0.377013E+05   0.110870E+07   0.111380E+07   0.110870E+07  -0.375372E-01   0.809509E+06   0.809335E+06   0.337837E+00
   0.152727E+00   0.105437E+07   0.104590E+07   0.172832E+01   0.167296E+01   0.337594E+05   0.104812E+07   0.105295E+07   0.104812E+07  -0.354862E-01   0.765283E+06   0.765110E+06   0.324942E+00
   0.157848E+00   0.100373E+07   0.995448E+06   0.154016E+01   0.149084E+01   0.304845E+05   0.997740E+06   0.100234E+07   0.997740E+06  -0.337803E-01   0.728499E+06   0.728332E+06   0.303090E+00
   0.162970E+00   0.962920E+06   0.955168E+06   0.138615E+01   0.134175E+01   0.277806E+05   0.957198E+06   0.961618E+06   0.957198E+06  -0.324077E-01   0.698899E+06   0.698743E+06   0.274470E+00
   0.168091E+00   0.929784E+06   0.922792E+06   0.125823E+01   0.121793E+01   0.255165E+05   0.924336E+06   0.928610E+06   0.924336E+06  -0.312951E-01   0.674906E+06   0.674763E+06   0.242993E+00
   0.173212E+00   0.901567E+06   0.895399E+06   0.114908E+01   0.111228E+01   0.235654E+05   0.896381E+06   0.900531E+06   0.896381E+06  -0.303486E-01   0.654495E+06   0.654366E+06   0.212933E+00
   0.178334E+00   0.875470E+06   0.870038E+06   0.105275E+01   0.101903E+01   0.218205E+05   0.870522E+06   0.874558E+06   0.870522E+06  -0.294731E-01   0.635615E+06   0.635498E+06   0.187714E+00
   0.183455E+00   0.848938E+06   0.844039E+06   0.964705E+00   0.933804E+00   0.201987E+05   0.844197E+06   0.848116E+06   0.844197E+06  -0.285819E-01   0.616395E+06   0.616286E+06   0.169164E+00
   0.188576E+00   0.820327E+06   0.815712E+06   0.882251E+00   0.853991E+00   0.186508E+05   0.815762E+06   0.819552E+06   0.815762E+06  -0.276191E-01   0.595634E+06   0.595530E+06   0.157374E+00
   0.193698E+00   0.789463E+06   0.784903E+06   0.804712E+00   0.778935E+00   0.171684E+05   0.785046E+06   0.788697E+06   0.785046E+06  -0.265792E-01   0.573208E+06   0.573106E+06   0.151037E+00
   0.198819E+00   0.757376E+06   0.752713E+06   0.732678E+00   0.709208E+00   0.157688E+05   0.753087E+06   0.756593E+06   0.753087E+06  -0.254971E-01   0.549875E+06   0.549772E+06   0.148025E+00
   0.203940E+00   0.725520E+06   0.720695E+06   0.666979E+00   0.645613E+00   0.144752E+05   0.721349E+06   0.724710E+06   0.721349E+06  -0.244226E-01   0.526703E+06   0.526599E+06   0.146031E+00
   0.209061E+00   0.695315E+06   0.690360E+06   0.608213E+00   0.588729E+00   0.133055E+05   0.691259E+06   0.694483E+06   0.691259E+06  -0.234039E-01   0.504735E+06   0.504631E+06   0.143151E+00
   0.214183E+00   0.667958E+06   0.662975E+06   0.556631E+00   0.538800E+00   0.122702E+05   0.664022E+06   0.667122E+06   0.664022E+06  -0.224817E-01   0.484849E+06   0.484745E+06   0.138264E+00
   0.219304E+00   0.644167E+06   0.639287E+06   0.512008E+00   0.495606E+00   0.113691E+05   0.640357E+06   0.643348E+06   0.640357E+06  -0.216805E-01   0.467570E+06   0.467470E+06   0.131135E+00
   0.224425E+00   0.623936E+06   0.619281E+06   0.473556E+00   0.458386E+00   0.105889E+05   0.620255E+06   0.623155E+06   0.620255E+06  -0.209999E-01   0.452893E+06   0.452797E+06   0.122264E+00
   0.229547E+00   0.606603E+06   0.602252E+06   0.440105E+00   0.426006E+00   0.990684E+04   0.603052E+06   0.605872E+06   0.603052E+06  -0.204174E-01   0.440332E+06   0.440242E+06   0.112603E+00
   0.234668E+00   0.591157E+06   0.587136E+06   0.410406E+00   0.397258E+00   0.929766E+04   0.587731E+06   0.590482E+06   0.587731E+06  -0.198987E-01   0.429145E+06   0.429061E+06   0.103221E+00
   0.239789E+00   0.576527E+06   0.572806E+06   0.383356E+00   0.371075E+00   0.873838E+04   0.573218E+06   0.575902E+06   0.573218E+06  -0.194074E-01   0.418548E+06   0.418469E+06   0.950113E-01
   0.244911E+00   0.561809E+06   0.558319E+06   0.358122E+00   0.346649E+00   0.821155E+04   0.558605E+06   0.561223E+06   0.558605E+06  -0.189126E-01   0.407879E+06   0.407803E+06   0.884988E-01
   0.250032E+00   0.546472E+06   0.543125E+06   0.334223E+00   0.323516E+00   0.770718E+04   0.543363E+06   0.545910E+06   0.543363E+06  -0.183966E-01   0.396750E+06   0.396676E+06   0.837768E-01
   0.255153E+00   0.530455E+06   0.527170E+06   0.311527E+00   0.301547E+00   0.722320E+04   0.527430E+06   0.529904E+06   0.527430E+06  -0.178571E-01   0.385116E+06   0.385045E+06   0.805641E-01
   0.260274E+00   0.514063E+06   0.510780E+06   0.290123E+00   0.280828E+00   0.676238E+04   0.511114E+06   0.513512E+06   0.511114E+06  -0.173047E-01   0.373204E+06   0.373132E+06   0.783396E-01
   0.265396E+00   0.497783E+06   0.494477E+06   0.270181E+00   0.261525E+00   0.632954E+04   0.494904E+06   0.497228E+06   0.494904E+06  -0.167559E-01   0.361368E+06   0.361297E+06   0.765083E-01
   0.270517E+00   0.482139E+06   0.478818E+06   0.251862E+00   0.243792E+00   0.592923E+04   0.479330E+06   0.481581E+06   0.479330E+06  -0.162286E-01   0.349997E+06   0.349927E+06   0.745557E-01
   0.275638E+00   0.467589E+06   0.464285E+06   0.235259E+00   0.227722E+00   0.556445E+04   0.464850E+06   0.467034E+06   0.464850E+06  -0.157384E-01   0.339425E+06   0.339355E+06   0.721533E-01
   0.280760E+00   0.454406E+06   0.451162E+06   0.220357E+00   0.213297E+00   0.523565E+04   0.451738E+06   0.453861E+06   0.451738E+06  -0.152944E-01   0.329851E+06   0.329783E+06   0.691966E-01
   0.285881E+00   0.442602E+06   0.439460E+06   0.207012E+00   0.200379E+00   0.494008E+04   0.440005E+06   0.442074E+06   0.440005E+06  -0.148972E-01   0.321284E+06   0.321218E+06   0.657819E-01
   0.291002E+00   0.431965E+06   0.428956E+06   0.194991E+00   0.188744E+00   0.467290E+04   0.429440E+06   0.431460E+06   0.429440E+06  -0.145395E-01   0.313569E+06   0.313506E+06   0.621410E-01
   0.296124E+00   0.422158E+06   0.419293E+06   0.184035E+00   0.178139E+00   0.442831E+04   0.419703E+06   0.421677E+06   0.419703E+06  -0.142098E-01   0.306460E+06   0.306399E+06   0.585561E-01
   0.301245E+00   0.412815E+06   0.410085E+06   0.173900E+00   0.168328E+00   0.420091E+04   0.410425E+06   0.412357E+06   0.410425E+06  -0.138957E-01   0.299686E+06   0.299627E+06   0.552789E-01
   0.306366E+00   0.403610E+06   0.400994E+06   0.164389E+00   0.159122E+00   0.398627E+04   0.401282E+06   0.403171E+06   0.401282E+06  -0.135861E-01   0.293009E+06   0.292953E+06   0.524724E-01
   0.311487E+00   0.394329E+06   0.391795E+06   0.155371E+00   0.150393E+00   0.378146E+04   0.392057E+06   0.393903E+06   0.392057E+06  -0.132738E-01   0.286274E+06   0.286219E+06   0.501868E-01
   0.316609E+00   0.384907E+06   0.382426E+06   0.146791E+00   0.142087E+00   0.358537E+04   0.382687E+06   0.384490E+06   0.382687E+06  -0.129566E-01   0.279432E+06   0.279379E+06   0.483675E-01
   0.321730E+00   0.375421E+06   0.372971E+06   0.138648E+00   0.134206E+00   0.339818E+04   0.373251E+06   0.375010E+06   0.373251E+06  -0.126371E-01   0.272542E+06   0.272490E+06   0.468862E-01
   0.326851E+00   0.366036E+06   0.363605E+06   0.130976E+00   0.126779E+00   0.322086E+04   0.363913E+06   0.365628E+06   0.363913E+06  -0.123209E-01   0.265724E+06   0.265672E+06   0.455833E-01
   0.331973E+00   0.356936E+06   0.354523E+06   0.123806E+00   0.119839E+00   0.305440E+04   0.354858E+06   0.356531E+06   0.354858E+06  -0.120144E-01   0.259113E+06   0.259061E+06   0.443101E-01
   0.337094E+00   0.348279E+06   0.345892E+06   0.117158E+00   0.113404E+00   0.289944E+04   0.346246E+06   0.347878E+06   0.346246E+06  -0.117228E-01   0.252824E+06   0.252774E+06   0.429614E-01
   0.342215E+00   0.340165E+06   0.337818E+06   0.111028E+00   0.107470E+00   0.275608E+04   0.338176E+06   0.339771E+06   0.338176E+06  -0.114496E-01   0.246932E+06   0.246882E+06   0.414908E-01
   0.347337E+00   0.332616E+06   0.330323E+06   0.105385E+00   0.102009E+00   0.262371E+04   0.330671E+06   0.332231E+06   0.330671E+06  -0.111955E-01   0.241452E+06   0.241404E+06   0.399095E-01
   0.352458E+00   0.325579E+06   0.323351E+06   0.100181E+00   0.969706E-01   0.250125E+04   0.323678E+06   0.325205E+06   0.323678E+06  -0.109587E-01   0.236346E+06   0.236299E+06   0.382705E-01
   0.357579E+00   0.318947E+06   0.316789E+06   0.953498E-01   0.922946E-01   0.238722E+04   0.317088E+06   0.318585E+06   0.317088E+06  -0.107356E-01   0.231534E+06   0.231488E+06   0.366477E-01
   0.362700E+00   0.312593E+06   0.310504E+06   0.908309E-01   0.879206E-01   0.228019E+04   0.310775E+06   0.312242E+06   0.310775E+06  -0.105219E-01   0.226925E+06   0.226880E+06   0.351134E-01
   0.367822E+00   0.306402E+06   0.304374E+06   0.865707E-01   0.837968E-01   0.217891E+04   0.304623E+06   0.306061E+06   0.304623E+06  -0.103136E-01   0.222432E+06   0.222389E+06   0.337200E-01
   0.372943E+00   0.300286E+06   0.298310E+06   0.825289E-01   0.798846E-01   0.208244E+04   0.298545E+06   0.299955E+06   0.298545E+06  -0.101078E-01   0.217994E+06   0.217952E+06   0.324906E-01
   0.378064E+00   0.294203E+06   0.292267E+06   0.786810E-01   0.761599E-01   0.199024E+04   0.292496E+06   0.293878E+06   0.292496E+06  -0.990301E-02   0.213578E+06   0.213536E+06   0.314176E-01
   0.383186E+00   0.288158E+06   0.286254E+06   0.750175E-01   0.726138E-01   0.190210E+04   0.286485E+06   0.287838E+06   0.286485E+06  -0.969948E-02   0.209189E+06   0.209148E+06   0.304705E-01
   0.388307E+00   0.282203E+06   0.280325E+06   0.715412E-01   0.692489E-01   0.181819E+04   0.280562E+06   0.281888E+06   0.280562E+06  -0.949895E-02   0.204864E+06   0.204824E+06   0.296068E-01
   0.393428E+00   0.276399E+06   0.274544E+06   0.682564E-01   0.660694E-01   0.173863E+04   0.274789E+06   0.276087E+06   0.274789E+06  -0.930348E-02   0.200648E+06   0.200609E+06   0.287830E-01
   0.398550E+00   0.270794E+06   0.268965E+06   0.651641E-01   0.630762E-01   0.166351E+04   0.269215E+06   0.270487E+06   0.269215E+06  -0.911477E-02   0.196578E+06   0.196539E+06   0.279643E-01
   0.403671E+00   0.265423E+06   0.263623E+06   0.622608E-01   0.602658E-01   0.159280E+04   0.263874E+06   0.265121E+06   0.263874E+06  -0.893394E-02   0.192679E+06   0.192640E+06   0.271307E-01
   0.408792E+00   0.260304E+06   0.258537E+06   0.595393E-01   0.576315E-01   0.152634E+04   0.258784E+06   0.260007E+06   0.258784E+06  -0.876160E-02   0.188962E+06   0.188924E+06   0.262791E-01
   0.413913E+00   0.255430E+06   0.253701E+06   0.569878E-01   0.551618E-01   0.146390E+04   0.253939E+06   0.255140E+06   0.253939E+06  -0.859758E-02   0.185424E+06   0.185388E+06   0.254202E-01
   0.419035E+00   0.250771E+06   0.249080E+06   0.545892E-01   0.528400E-01   0.140504E+04   0.249308E+06   0.250487E+06   0.249308E+06  -0.844078E-02   0.182043E+06   0.182007E+06   0.245722E-01
   0.424156E+00   0.246277E+06   0.244625E+06   0.523244E-01   0.506478E-01   0.134934E+04   0.244842E+06   0.246000E+06   0.244842E+06  -0.828957E-02   0.178782E+06   0.178747E+06   0.237548E-01
   0.429277E+00   0.241907E+06   0.240292E+06   0.501771E-01   0.485693E-01   0.129638E+04   0.240498E+06   0.241636E+06   0.240498E+06  -0.814251E-02   0.175610E+06   0.175576E+06   0.229845E-01
   0.434399E+00   0.237630E+06   0.236048E+06   0.481346E-01   0.465923E-01   0.124588E+04   0.236247E+06   0.237364E+06   0.236247E+06  -0.799857E-02   0.172506E+06   0.172472E+06   0.222707E-01
   0.439520E+00   0.233427E+06   0.231875E+06   0.461877E-01   0.447078E-01   0.119761E+04   0.232068E+06   0.233166E+06   0.232068E+06  -0.785710E-02   0.169455E+06   0.169421E+06   0.216143E-01
   0.444641E+00   0.229289E+06   0.227763E+06   0.443297E-01   0.429093E-01   0.115142E+04   0.227954E+06   0.229033E+06   0.227954E+06  -0.771781E-02   0.166451E+06   0.166418E+06   0.210088E-01
   0.449763E+00   0.225221E+06   0.223719E+06   0.425571E-01   0.411935E-01   0.110725E+04   0.223909E+06   0.224969E+06   0.223909E+06  -0.758087E-02   0.163497E+06   0.163465E+06   0.204427E-01
   0.454884E+00   0.221242E+06   0.219761E+06   0.408688E-01   0.395593E-01   0.106507E+04   0.219952E+06   0.220993E+06   0.219952E+06  -0.744688E-02   0.160608E+06   0.160576E+06   0.199034E-01
   0.460005E+00   0.217370E+06   0.215911E+06   0.392643E-01   0.380062E-01   0.102490E+04   0.216102E+06   0.217125E+06   0.216102E+06  -0.731654E-02   0.157797E+06   0.157765E+06   0.193796E-01
   0.465127E+00   0.213621E+06   0.212184E+06   0.377418E-01   0.365325E-01   0.986703E+03   0.212374E+06   0.213379E+06   0.212374E+06  -0.719032E-02   0.155074E+06   0.155044E+06   0.188637E-01
   0.470248E+00   0.209998E+06   0.208584E+06   0.362979E-01   0.351348E-01   0.950402E+03   0.208772E+06   0.209760E+06   0.208772E+06  -0.706837E-02   0.152444E+06   0.152414E+06   0.183523E-01
   0.475369E+00   0.206498E+06   0.205108E+06   0.349280E-01   0.338088E-01   0.915905E+03   0.205293E+06   0.206265E+06   0.205293E+06  -0.695057E-02   0.149904E+06   0.149874E+06   0.178461E-01
   0.480490E+00   0.203114E+06   0.201749E+06   0.336272E-01   0.325496E-01   0.883073E+03   0.201929E+06   0.202885E+06   0.201929E+06  -0.683667E-02   0.147447E+06   0.147418E+06   0.173490E-01
   0.485612E+00   0.199835E+06   0.198494E+06   0.323901E-01   0.313522E-01   0.851800E+03   0.198669E+06   0.199610E+06   0.198669E+06  -0.672630E-02   0.145067E+06   0.145038E+06   0.168662E-01
   0.490733E+00   0.196645E+06   0.195329E+06   0.312114E-01   0.302113E-01   0.821942E+03   0.195499E+06   0.196424E+06   0.195499E+06  -0.661897E-02   0.142752E+06   0.142724E+06   0.164027E-01
   0.495854E+00   0.193530E+06   0.192237E+06   0.300858E-01   0.291217E-01   0.793369E+03   0.192402E+06   0.193313E+06   0.192402E+06  -0.651412E-02   0.140491E+06   0.140463E+06   0.159614E-01
   0.500976E+00   0.190477E+06   0.189205E+06   0.290088E-01   0.280793E-01   0.765987E+03   0.189367E+06   0.190263E+06   0.189367E+06  -0.641136E-02   0.138275E+06   0.138247E+06   0.155434E-01
   0.506097E+00   0.187482E+06   0.186230E+06   0.279778E-01   0.270813E-01   0.739713E+03   0.186389E+06   0.187272E+06   0.186389E+06  -0.631056E-02   0.136101E+06   0.136074E+06   0.151476E-01
   0.511218E+00   0.184548E+06   0.183315E+06   0.269908E-01   0.261259E-01   0.714526E+03   0.183472E+06   0.184341E+06   0.183472E+06  -0.621179E-02   0.133971E+06   0.133944E+06   0.147715E-01
   0.516340E+00   0.181677E+06   0.180461E+06   0.260463E-01   0.252117E-01   0.690373E+03   0.180617E+06   0.181473E+06   0.180617E+06  -0.611513E-02   0.131886E+06   0.131860E+06   0.144112E-01
   0.521461E+00   0.178870E+06   0.177672E+06   0.251426E-01   0.243370E-01   0.667226E+03   0.177827E+06   0.178669E+06   0.177827E+06  -0.602064E-02   0.129848E+06   0.129823E+06   0.140631E-01
   0.526582E+00   0.176131E+06   0.174950E+06   0.242784E-01   0.235004E-01   0.645053E+03   0.175104E+06   0.175933E+06   0.175104E+06  -0.592845E-02   0.127860E+06   0.127835E+06   0.137242E-01
   0.531703E+00   0.173465E+06   0.172301E+06   0.234524E-01   0.227009E-01   0.623827E+03   0.172453E+06   0.173270E+06   0.172453E+06  -0.583871E-02   0.125924E+06   0.125900E+06   0.133929E-01
   0.536825E+00   0.170873E+06   0.169726E+06   0.226632E-01   0.219370E-01   0.603520E+03   0.169876E+06   0.170680E+06   0.169876E+06  -0.575145E-02   0.124042E+06   0.124018E+06   0.130686E-01
   0.541946E+00   0.168350E+06   0.167221E+06   0.219086E-01   0.212066E-01   0.584068E+03   0.167368E+06   0.168161E+06   0.167368E+06  -0.566654E-02   0.122211E+06   0.122187E+06   0.127517E-01
   0.547067E+00   0.165891E+06   0.164779E+06   0.211863E-01   0.205074E-01   0.565425E+03   0.164923E+06   0.165704E+06   0.164923E+06  -0.558377E-02   0.120426E+06   0.120402E+06   0.124432E-01
   0.559946E+00   0.159963E+06   0.158892E+06   0.195002E-01   0.188753E-01   0.521790E+03   0.159029E+06   0.159783E+06   0.159029E+06  -0.538423E-02   0.116123E+06   0.116100E+06   0.117115E-01
   0.593872E+00   0.145759E+06   0.144782E+06   0.157964E-01   0.152902E-01   0.425346E+03   0.144908E+06   0.145595E+06   0.144908E+06  -0.490612E-02   0.105811E+06   0.105790E+06   0.100809E-01
   0.629853E+00   0.132782E+06   0.131893E+06   0.127928E-01   0.123829E-01   0.346475E+03   0.132007E+06   0.132633E+06   0.132007E+06  -0.446933E-02   0.963912E+05   0.963721E+05   0.866184E-02
   0.879031E+00   0.776222E+05   0.771028E+05   0.383947E-02   0.371644E-02   0.106631E+03   0.771686E+05   0.775350E+05   0.771686E+05  -0.261268E-02   0.563486E+05   0.563373E+05   0.366190E-02
   0.122679E+01   0.448285E+05   0.445285E+05   0.113842E-02   0.110194E-02   0.320972E+02   0.445663E+05   0.447781E+05   0.445663E+05  -0.150888E-02   0.325425E+05   0.325358E+05   0.154313E-02
   0.171212E+01   0.256202E+05   0.254486E+05   0.334038E-03   0.323334E-03   0.950003E+01   0.254703E+05   0.255914E+05   0.254703E+05  -0.862344E-03   0.185985E+05   0.185946E+05   0.654470E-03
   0.238945E+01   0.145111E+05   0.144138E+05   0.971358E-04   0.940230E-04   0.277570E+01   0.144262E+05   0.144948E+05   0.144262E+05  -0.488425E-03   0.105341E+05   0.105317E+05   0.283545E-03
   0.333475E+01   0.815522E+04   0.810032E+04   0.280270E-04   0.271289E-04   0.802987E+00   0.810745E+04   0.814600E+04   0.810745E+04  -0.274493E-03   0.592011E+04   0.591862E+04   0.128284E-03
   0.465402E+01   0.455222E+04   0.452135E+04   0.803192E-05   0.777454E-05   0.230412E+00   0.452551E+04   0.454703E+04   0.452551E+04  -0.153220E-03   0.330457E+04   0.330356E+04   0.623061E-04
   0.649521E+01   0.252596E+04   0.250859E+04   0.228805E-05   0.221473E-05   0.657089E-01   0.251110E+04   0.252305E+04   0.251110E+04  -0.850181E-04   0.183365E+04   0.183289E+04   0.332914E-04
   0.906480E+01   0.139429E+04   0.138444E+04   0.648342E-06   0.627570E-06   0.186304E-01   0.138604E+04   0.139263E+04   0.138604E+04  -0.469270E-04   0.101212E+04   0.101150E+04   0.197296E-04
   0.126509E+02   0.766042E+03   0.760351E+03   0.182838E-06   0.176981E-06   0.526342E-02   0.761465E+03   0.765086E+03   0.761465E+03  -0.257808E-04   0.556057E+03   0.555491E+03   0.127972E-04
