#          k/h    CDM            baryon         photon         nu             mass_nu        total          no_nu          total_de       Weyl           v_CDM          v_b            v_b-v_c     
   0.994668E-05   0.202951E+08   0.202951E+08   0.270459E+08   0.270455E+08   0.202974E+08   0.202951E+08   0.202951E+08   0.203023E+08  -0.458528E+00   0.992970E+07   0.992970E+07   0.636444E+01
   0.109829E-04   0.202951E+08   0.202951E+08   0.270428E+08   0.270423E+08   0.202974E+08   0.202951E+08   0.202951E+08   0.203023E+08  -0.458528E+00   0.992970E+07   0.992970E+07   0.702725E+01
   0.121270E-04   0.202951E+08   0.202951E+08   0.270391E+08   0.270384E+08   0.202974E+08   0.202951E+08   0.202951E+08   0.203023E+08  -0.458528E+00   0.992970E+07   0.992970E+07   0.775903E+01
   0.133904E-04   0.202950E+08   0.202950E+08   0.270344E+08   0.270337E+08   0.202974E+08   0.202951E+08   0.202950E+08   0.203023E+08  -0.458528E+00   0.992969E+07   0.992969E+07   0.856695E+01
   0.147853E-04   0.202950E+08   0.202950E+08   0.270288E+08   0.270279E+08   0.202974E+08   0.202950E+08   0.202950E+08   0.203023E+08  -0.458527E+00   0.992969E+07   0.992969E+07   0.945890E+01
   0.163256E-04   0.202950E+08   0.202950E+08   0.270219E+08   0.270208E+08   0.202973E+08   0.202950E+08   0.202950E+08   0.203023E+08  -0.458527E+00   0.992968E+07   0.992968E+07   0.104436E+02
   0.180263E-04   0.202950E+08   0.202950E+08   0.270136E+08   0.270122E+08   0.202973E+08   0.202950E+08   0.202950E+08   0.203022E+08  -0.458526E+00   0.992967E+07   0.992967E+07   0.115306E+02
   0.199043E-04   0.202950E+08   0.202950E+08   0.270034E+08   0.270017E+08   0.202972E+08   0.202950E+08   0.202950E+08   0.203022E+08  -0.458526E+00   0.992966E+07   0.992966E+07   0.127306E+02
   0.219778E-04   0.202950E+08   0.202950E+08   0.269910E+08   0.269889E+08   0.202972E+08   0.202950E+08   0.202950E+08   0.203022E+08  -0.458525E+00   0.992965E+07   0.992965E+07   0.140551E+02
   0.242674E-04   0.202949E+08   0.202949E+08   0.269758E+08   0.269733E+08   0.202971E+08   0.202949E+08   0.202949E+08   0.203022E+08  -0.458524E+00   0.992963E+07   0.992963E+07   0.155170E+02
   0.267954E-04   0.202949E+08   0.202949E+08   0.269574E+08   0.269543E+08   0.202970E+08   0.202949E+08   0.202949E+08   0.203021E+08  -0.458523E+00   0.992962E+07   0.992962E+07   0.171304E+02
   0.295869E-04   0.202949E+08   0.202948E+08   0.269349E+08   0.269311E+08   0.202969E+08   0.202949E+08   0.202949E+08   0.203021E+08  -0.458522E+00   0.992959E+07   0.992959E+07   0.189108E+02
   0.326691E-04   0.202948E+08   0.202948E+08   0.269075E+08   0.269029E+08   0.202968E+08   0.202948E+08   0.202948E+08   0.203020E+08  -0.458521E+00   0.992957E+07   0.992957E+07   0.208752E+02
   0.360725E-04   0.202947E+08   0.202947E+08   0.268742E+08   0.268686E+08   0.202966E+08   0.202947E+08   0.202947E+08   0.203019E+08  -0.458519E+00   0.992953E+07   0.992953E+07   0.230424E+02
   0.398303E-04   0.202947E+08   0.202946E+08   0.268335E+08   0.268268E+08   0.202964E+08   0.202947E+08   0.202946E+08   0.203018E+08  -0.458516E+00   0.992950E+07   0.992949E+07   0.254327E+02
   0.439797E-04   0.202946E+08   0.202945E+08   0.267841E+08   0.267759E+08   0.202962E+08   0.202946E+08   0.202946E+08   0.203017E+08  -0.458514E+00   0.992945E+07   0.992944E+07   0.280685E+02
   0.485613E-04   0.202944E+08   0.202944E+08   0.267239E+08   0.267139E+08   0.202959E+08   0.202944E+08   0.202944E+08   0.203016E+08  -0.458510E+00   0.992939E+07   0.992938E+07   0.309742E+02
   0.536203E-04   0.202943E+08   0.202943E+08   0.266508E+08   0.266385E+08   0.202955E+08   0.202943E+08   0.202943E+08   0.203014E+08  -0.458506E+00   0.992931E+07   0.992931E+07   0.341763E+02
   0.592062E-04   0.202941E+08   0.202941E+08   0.265618E+08   0.265469E+08   0.202951E+08   0.202941E+08   0.202941E+08   0.203012E+08  -0.458501E+00   0.992923E+07   0.992922E+07   0.377035E+02
   0.653741E-04   0.202939E+08   0.202939E+08   0.264537E+08   0.264356E+08   0.202945E+08   0.202939E+08   0.202939E+08   0.203010E+08  -0.458495E+00   0.992912E+07   0.992911E+07   0.415866E+02
   0.721845E-04   0.202936E+08   0.202936E+08   0.263224E+08   0.263005E+08   0.202939E+08   0.202936E+08   0.202936E+08   0.203007E+08  -0.458487E+00   0.992899E+07   0.992898E+07   0.458590E+02
   0.797043E-04   0.202933E+08   0.202933E+08   0.261632E+08   0.261366E+08   0.202931E+08   0.202933E+08   0.202933E+08   0.203003E+08  -0.458478E+00   0.992883E+07   0.992882E+07   0.505558E+02
   0.880076E-04   0.202929E+08   0.202929E+08   0.259703E+08   0.259380E+08   0.202921E+08   0.202929E+08   0.202929E+08   0.202999E+08  -0.458467E+00   0.992863E+07   0.992862E+07   0.557143E+02
   0.971759E-04   0.202925E+08   0.202924E+08   0.257368E+08   0.256978E+08   0.202909E+08   0.202924E+08   0.202925E+08   0.202993E+08  -0.458454E+00   0.992840E+07   0.992838E+07   0.613731E+02
   0.107299E-03   0.202919E+08   0.202918E+08   0.254548E+08   0.254076E+08   0.202895E+08   0.202919E+08   0.202919E+08   0.202987E+08  -0.458437E+00   0.992811E+07   0.992809E+07   0.675720E+02
   0.118477E-03   0.202912E+08   0.202911E+08   0.251148E+08   0.250578E+08   0.202877E+08   0.202912E+08   0.202912E+08   0.202979E+08  -0.458417E+00   0.992776E+07   0.992773E+07   0.743503E+02
   0.130820E-03   0.202903E+08   0.202902E+08   0.247059E+08   0.246373E+08   0.202856E+08   0.202903E+08   0.202903E+08   0.202969E+08  -0.458393E+00   0.992733E+07   0.992730E+07   0.817464E+02
   0.144448E-03   0.202893E+08   0.202892E+08   0.242156E+08   0.241334E+08   0.202830E+08   0.202892E+08   0.202893E+08   0.202957E+08  -0.458364E+00   0.992681E+07   0.992677E+07   0.897953E+02
   0.159496E-03   0.202880E+08   0.202879E+08   0.236300E+08   0.235316E+08   0.202798E+08   0.202880E+08   0.202880E+08   0.202943E+08  -0.458328E+00   0.992618E+07   0.992613E+07   0.985261E+02
   0.176112E-03   0.202865E+08   0.202863E+08   0.229337E+08   0.228165E+08   0.202759E+08   0.202864E+08   0.202865E+08   0.202925E+08  -0.458285E+00   0.992541E+07   0.992535E+07   0.107959E+03
   0.194458E-03   0.202846E+08   0.202844E+08   0.221103E+08   0.219714E+08   0.202712E+08   0.202845E+08   0.202846E+08   0.202904E+08  -0.458233E+00   0.992447E+07   0.992440E+07   0.118100E+03
   0.214716E-03   0.202824E+08   0.202821E+08   0.211434E+08   0.209798E+08   0.202655E+08   0.202822E+08   0.202823E+08   0.202879E+08  -0.458169E+00   0.992334E+07   0.992326E+07   0.128938E+03
   0.237084E-03   0.202796E+08   0.202793E+08   0.200175E+08   0.198263E+08   0.202585E+08   0.202795E+08   0.202796E+08   0.202848E+08  -0.458093E+00   0.992196E+07   0.992186E+07   0.140432E+03
   0.261783E-03   0.202763E+08   0.202759E+08   0.187200E+08   0.184988E+08   0.202501E+08   0.202761E+08   0.202762E+08   0.202811E+08  -0.458001E+00   0.992030E+07   0.992018E+07   0.152511E+03
   0.289054E-03   0.202723E+08   0.202718E+08   0.172440E+08   0.169910E+08   0.202398E+08   0.202721E+08   0.202722E+08   0.202766E+08  -0.457891E+00   0.991828E+07   0.991814E+07   0.165056E+03
   0.319167E-03   0.202674E+08   0.202668E+08   0.155916E+08   0.153065E+08   0.202274E+08   0.202671E+08   0.202673E+08   0.202713E+08  -0.457759E+00   0.991584E+07   0.991568E+07   0.177894E+03
   0.352416E-03   0.202616E+08   0.202608E+08   0.137783E+08   0.134628E+08   0.202123E+08   0.202612E+08   0.202615E+08   0.202649E+08  -0.457602E+00   0.991291E+07   0.991271E+07   0.190790E+03
   0.389130E-03   0.202546E+08   0.202536E+08   0.118378E+08   0.114965E+08   0.201940E+08   0.202541E+08   0.202544E+08   0.202572E+08  -0.457415E+00   0.990937E+07   0.990914E+07   0.203433E+03
   0.429668E-03   0.202461E+08   0.202450E+08   0.982578E+07   0.946702E+07   0.201720E+08   0.202456E+08   0.202459E+08   0.202482E+08  -0.457194E+00   0.990513E+07   0.990485E+07   0.215438E+03
   0.474429E-03   0.202360E+08   0.202347E+08   0.782219E+07   0.745843E+07   0.201454E+08   0.202353E+08   0.202358E+08   0.202374E+08  -0.456933E+00   0.990006E+07   0.989973E+07   0.226347E+03
   0.523853E-03   0.202239E+08   0.202224E+08   0.592829E+07   0.557610E+07   0.201134E+08   0.202232E+08   0.202237E+08   0.202247E+08  -0.456628E+00   0.989400E+07   0.989363E+07   0.235649E+03
   0.578426E-03   0.202096E+08   0.202078E+08   0.425622E+07   0.393505E+07   0.200749E+08   0.202087E+08   0.202093E+08   0.202098E+08  -0.456271E+00   0.988681E+07   0.988639E+07   0.242812E+03
   0.638684E-03   0.201926E+08   0.201906E+08   0.290870E+07   0.263809E+07   0.200287E+08   0.201915E+08   0.201923E+08   0.201922E+08  -0.455856E+00   0.987829E+07   0.987782E+07   0.247339E+03
   0.705219E-03   0.201726E+08   0.201702E+08   0.194969E+07   0.174478E+07   0.199736E+08   0.201712E+08   0.201722E+08   0.201717E+08  -0.455375E+00   0.986826E+07   0.986774E+07   0.248824E+03
   0.778686E-03   0.201490E+08   0.201464E+08   0.137350E+07   0.123971E+07   0.199080E+08   0.201474E+08   0.201486E+08   0.201478E+08  -0.454819E+00   0.985650E+07   0.985592E+07   0.247026E+03
   0.859806E-03   0.201215E+08   0.201185E+08   0.108905E+07   0.101785E+07   0.198301E+08   0.201196E+08   0.201210E+08   0.201199E+08  -0.454176E+00   0.984275E+07   0.984213E+07   0.241910E+03
   0.949378E-03   0.200893E+08   0.200861E+08   0.940852E+06   0.909919E+06   0.197379E+08   0.200871E+08   0.200888E+08   0.200874E+08  -0.453433E+00   0.982676E+07   0.982609E+07   0.233646E+03
   0.104828E-02   0.200520E+08   0.200484E+08   0.777966E+06   0.758231E+06   0.196293E+08   0.200494E+08   0.200514E+08   0.200496E+08  -0.452574E+00   0.980821E+07   0.980751E+07   0.222566E+03
   0.115749E-02   0.200087E+08   0.200049E+08   0.544081E+06   0.512441E+06   0.195019E+08   0.200056E+08   0.200080E+08   0.200058E+08  -0.451581E+00   0.978677E+07   0.978604E+07   0.209092E+03
   0.127807E-02   0.199587E+08   0.199547E+08   0.312353E+06   0.262567E+06   0.193535E+08   0.199552E+08   0.199580E+08   0.199552E+08  -0.450436E+00   0.976203E+07   0.976129E+07   0.193698E+03
   0.141121E-02   0.199011E+08   0.198970E+08   0.193686E+06   0.135498E+06   0.191825E+08   0.198970E+08   0.199004E+08   0.198970E+08  -0.449118E+00   0.973356E+07   0.973282E+07   0.176965E+03
   0.155823E-02   0.198349E+08   0.198308E+08   0.179556E+06  -0.273513E+06   0.189867E+08   0.198302E+08   0.198342E+08   0.198302E+08  -0.447606E+00   0.970092E+07   0.970017E+07   0.159651E+03
   0.172056E-02   0.197592E+08   0.197550E+08   0.140714E+06  -0.223470E+06   0.187643E+08   0.197538E+08   0.197585E+08   0.197538E+08  -0.445879E+00   0.966354E+07   0.966280E+07   0.142650E+03
   0.189980E-02   0.196727E+08   0.196685E+08   0.475427E+05  -0.182482E+06   0.185141E+08   0.196665E+08   0.196720E+08   0.196665E+08  -0.443907E+00   0.962090E+07   0.962017E+07   0.126788E+03
   0.209771E-02   0.195743E+08   0.195702E+08   0.197539E+05  -0.148920E+06   0.182354E+08   0.195673E+08   0.195736E+08   0.195673E+08  -0.441666E+00   0.957240E+07   0.957169E+07   0.112655E+03
   0.231624E-02   0.194628E+08   0.194586E+08   0.358573E+05  -0.121447E+06   0.179277E+08   0.194548E+08   0.194620E+08   0.194548E+08  -0.439125E+00   0.951744E+07   0.951674E+07   0.100585E+03
   0.255754E-02   0.193367E+08   0.193324E+08   0.963636E+03  -0.989663E+05   0.175911E+08   0.193277E+08   0.193360E+08   0.193277E+08  -0.436257E+00   0.945538E+07   0.945469E+07   0.905529E+02
   0.282397E-02   0.191949E+08   0.191904E+08   0.164492E+04  -0.805780E+05   0.172256E+08   0.191848E+08   0.191942E+08   0.191848E+08  -0.433030E+00   0.938558E+07   0.938488E+07   0.820938E+02
   0.311816E-02   0.190360E+08   0.190312E+08  -0.614864E+04  -0.655444E+05   0.168308E+08   0.190247E+08   0.190352E+08   0.190247E+08  -0.429415E+00   0.930738E+07   0.930668E+07   0.745694E+02
   0.344300E-02   0.188585E+08   0.188536E+08  -0.106306E+05  -0.532604E+05   0.164059E+08   0.188461E+08   0.188577E+08   0.188461E+08  -0.425383E+00   0.922014E+07   0.921944E+07   0.674531E+02
   0.380167E-02   0.186613E+08   0.186561E+08  -0.170132E+05  -0.432294E+05   0.159498E+08   0.186476E+08   0.186604E+08   0.186476E+08  -0.420902E+00   0.912320E+07   0.912251E+07   0.606180E+02
   0.419772E-02   0.184430E+08   0.184374E+08  -0.713602E+04  -0.350440E+05   0.154619E+08   0.184279E+08   0.184420E+08   0.184279E+08  -0.415943E+00   0.901591E+07   0.901523E+07   0.543128E+02
   0.463502E-02   0.182021E+08   0.181961E+08  -0.852146E+04  -0.283698E+05   0.149417E+08   0.181857E+08   0.182011E+08   0.181857E+08  -0.410475E+00   0.889761E+07   0.889693E+07   0.488014E+02
   0.511788E-02   0.179374E+08   0.179309E+08  -0.103865E+05  -0.229324E+05   0.143907E+08   0.179196E+08   0.179363E+08   0.179196E+08  -0.404468E+00   0.876764E+07   0.876696E+07   0.440058E+02
   0.565104E-02   0.176481E+08   0.176410E+08  -0.728763E+04  -0.185076E+05   0.137852E+08   0.176287E+08   0.176469E+08   0.176287E+08  -0.397902E+00   0.862557E+07   0.862490E+07   0.396307E+02
   0.623974E-02   0.173318E+08   0.173239E+08  -0.692626E+04  -0.149094E+05   0.131582E+08   0.173107E+08   0.173304E+08   0.173107E+08  -0.390725E+00   0.847027E+07   0.846961E+07   0.355834E+02
   0.688977E-02   0.169875E+08   0.169788E+08  -0.554221E+04  -0.119872E+05   0.124976E+08   0.169648E+08   0.169860E+08   0.169648E+08  -0.382917E+00   0.830131E+07   0.830065E+07   0.319976E+02
   0.760752E-02   0.166140E+08   0.166042E+08  -0.562273E+04  -0.961692E+04   0.118121E+08   0.165896E+08   0.166124E+08   0.165896E+08  -0.374450E+00   0.811805E+07   0.811739E+07   0.288257E+02
   0.840004E-02   0.162099E+08   0.161989E+08  -0.465082E+04  -0.769697E+04   0.111106E+08   0.161840E+08   0.162081E+08   0.161840E+08  -0.365293E+00   0.791985E+07   0.791919E+07   0.259471E+02
   0.927512E-02   0.157741E+08   0.157615E+08  -0.346199E+04  -0.614420E+04   0.103930E+08   0.157465E+08   0.157720E+08   0.157465E+08  -0.355419E+00   0.770612E+07   0.770547E+07   0.233902E+02
   0.102414E-01   0.153053E+08   0.152910E+08  -0.322994E+04  -0.489045E+04   0.965935E+07   0.152762E+08   0.153029E+08   0.152762E+08  -0.344803E+00   0.747629E+07   0.747564E+07   0.211118E+02
   0.113083E-01   0.148023E+08   0.147859E+08  -0.263578E+04  -0.387994E+04   0.891666E+07   0.147717E+08   0.147995E+08   0.147717E+08  -0.333416E+00   0.722975E+07   0.722910E+07   0.190808E+02
   0.124863E-01   0.142639E+08   0.142452E+08  -0.197045E+04  -0.306710E+04   0.817278E+07   0.142320E+08   0.142608E+08   0.142320E+08  -0.321234E+00   0.696595E+07   0.696530E+07   0.172759E+02
   0.137871E-01   0.136894E+08   0.136680E+08  -0.179249E+04  -0.241472E+04   0.743374E+07   0.136562E+08   0.136858E+08   0.136562E+08  -0.308238E+00   0.668450E+07   0.668385E+07   0.156694E+02
   0.152234E-01   0.130782E+08   0.130537E+08  -0.141800E+04  -0.189246E+04   0.670249E+07   0.130439E+08   0.130741E+08   0.130439E+08  -0.294418E+00   0.638515E+07   0.638451E+07   0.142352E+02
   0.168093E-01   0.124449E+08   0.124170E+08  -0.107725E+04  -0.147728E+04   0.599605E+07   0.124097E+08   0.124402E+08   0.124097E+08  -0.280103E+00   0.607504E+07   0.607439E+07   0.129596E+02
   0.185604E-01   0.117649E+08   0.117334E+08  -0.944907E+03  -0.114566E+04   0.530642E+07   0.117291E+08   0.117596E+08   0.117291E+08  -0.264740E+00   0.574218E+07   0.574153E+07   0.117967E+02
   0.204939E-01   0.110529E+08   0.110175E+08  -0.587640E+03  -0.882948E+03   0.464721E+07   0.110167E+08   0.110470E+08   0.110167E+08  -0.248660E+00   0.539374E+07   0.539308E+07   0.107298E+02
   0.226289E-01   0.103032E+08   0.102640E+08  -0.516049E+03  -0.675178E+03   0.402061E+07   0.102669E+08   0.102966E+08   0.102669E+08  -0.231736E+00   0.502695E+07   0.502629E+07   0.972799E+01
   0.249863E-01   0.954238E+07   0.949959E+07  -0.398116E+03  -0.512966E+03   0.344131E+07   0.950636E+07   0.953519E+07   0.950636E+07  -0.214570E+00   0.465486E+07   0.465420E+07   0.877497E+01
   0.275893E-01   0.877948E+07   0.873366E+07  -0.281781E+03  -0.387151E+03   0.291324E+07   0.874406E+07   0.877178E+07   0.874406E+07  -0.197364E+00   0.428185E+07   0.428120E+07   0.784663E+01
   0.304634E-01   0.801784E+07   0.796998E+07  -0.243162E+03  -0.290033E+03   0.243728E+07   0.798343E+07   0.800980E+07   0.798343E+07  -0.180196E+00   0.390962E+07   0.390898E+07   0.691897E+01
   0.336370E-01   0.727809E+07   0.722961E+07  -0.164341E+03  -0.215967E+03   0.201792E+07   0.724509E+07   0.726995E+07   0.724509E+07  -0.163531E+00   0.354824E+07   0.354764E+07   0.598196E+01
   0.371412E-01   0.658687E+07   0.653964E+07  -0.123494E+03  -0.160339E+03   0.165857E+07   0.655565E+07   0.657894E+07   0.655565E+07  -0.147969E+00   0.321077E+07   0.321021E+07   0.503797E+01
   0.410104E-01   0.596132E+07   0.591749E+07  -0.106204E+03  -0.119044E+03   0.135737E+07   0.593220E+07   0.595396E+07   0.593220E+07  -0.133897E+00   0.290558E+07   0.290507E+07   0.410099E+01
   0.451114E-01   0.543315E+07   0.539457E+07   0.801775E+02  -0.896885E+02   0.111858E+07   0.540628E+07   0.542667E+07   0.540628E+07  -0.122026E+00   0.264811E+07   0.264767E+07   0.323585E+01
   0.492124E-01   0.502220E+07   0.498973E+07   0.622659E+02  -0.696821E+02   0.940004E+06   0.499746E+07   0.501675E+07   0.499746E+07  -0.112799E+00   0.244795E+07   0.244758E+07   0.251380E+01
   0.533135E-01   0.469187E+07   0.466550E+07   0.495616E+02  -0.554845E+02   0.802245E+06   0.466905E+07   0.468744E+07   0.466905E+07  -0.105386E+00   0.228716E+07   0.228685E+07   0.193855E+01
   0.574145E-01   0.441432E+07   0.439331E+07   0.402046E+02  -0.450234E+02   0.692542E+06   0.439320E+07   0.441080E+07   0.439320E+07  -0.991599E-01   0.215210E+07   0.215184E+07   0.150625E+01
   0.615155E-01   0.416857E+07   0.415166E+07   0.330711E+02  -0.370454E+02   0.602420E+06   0.414886E+07   0.416573E+07   0.414886E+07  -0.936450E-01   0.203246E+07   0.203224E+07   0.120383E+01
   0.656166E-01   0.393614E+07   0.392186E+07   0.274432E+02  -0.307495E+02   0.525841E+06   0.391761E+07   0.393374E+07   0.391761E+07  -0.884253E-01   0.191922E+07   0.191902E+07   0.100984E+01
   0.697176E-01   0.370540E+07   0.369228E+07   0.228811E+02  -0.256445E+02   0.459081E+06   0.368784E+07   0.370320E+07   0.368784E+07  -0.832391E-01   0.180670E+07   0.180651E+07   0.898317E+00
   0.738187E-01   0.347821E+07   0.346505E+07   0.191541E+02  -0.214730E+02   0.400846E+06   0.346145E+07   0.347600E+07   0.346145E+07  -0.781292E-01   0.169583E+07   0.169564E+07   0.843330E+00
   0.779197E-01   0.324778E+07   0.323377E+07   0.160480E+02  -0.179955E+02   0.349106E+06   0.323172E+07   0.324543E+07   0.323172E+07  -0.729439E-01   0.158331E+07   0.158312E+07   0.818096E+00
   0.820207E-01   0.302539E+07   0.301018E+07   0.134879E+02  -0.151284E+02   0.304092E+06   0.300997E+07   0.302284E+07   0.300997E+07  -0.679388E-01   0.147470E+07   0.147450E+07   0.802938E+00
   0.861218E-01   0.281750E+07   0.280118E+07   0.113901E+02  -0.127783E+02   0.265442E+06   0.280269E+07   0.281476E+07   0.280269E+07  -0.632602E-01   0.137316E+07   0.137296E+07   0.782937E+00
   0.912434E-01   0.258640E+07   0.256932E+07   0.931221E+01  -0.104498E+02   0.225445E+06   0.257237E+07   0.258353E+07   0.257237E+07  -0.580615E-01   0.126034E+07   0.126014E+07   0.738617E+00
   0.963650E-01   0.239412E+07   0.237729E+07   0.772649E+01  -0.867211E+01   0.193701E+06   0.238089E+07   0.239129E+07   0.238089E+07  -0.537396E-01   0.116655E+07   0.116635E+07   0.669653E+00
   0.101487E+00   0.224299E+07   0.222742E+07   0.652613E+01  -0.732589E+01   0.168949E+06   0.223058E+07   0.224038E+07   0.223058E+07  -0.503468E-01   0.109291E+07   0.109274E+07   0.582526E+00
   0.106608E+00   0.212743E+07   0.211382E+07   0.560964E+01  -0.629769E+01   0.149596E+06   0.211579E+07   0.212514E+07   0.211579E+07  -0.477561E-01   0.103668E+07   0.103653E+07   0.489125E+00
   0.111730E+00   0.203579E+07   0.202442E+07   0.488766E+01  -0.548752E+01   0.133977E+06   0.202489E+07   0.203388E+07   0.202489E+07  -0.457042E-01   0.992151E+06   0.992016E+06   0.401967E+00
   0.116851E+00   0.195543E+07   0.194610E+07   0.429268E+01  -0.481981E+01   0.120718E+06   0.194519E+07   0.195387E+07   0.194519E+07  -0.439054E-01   0.953109E+06   0.952993E+06   0.330725E+00
   0.121973E+00   0.187644E+07   0.186860E+07   0.378084E+01  -0.424540E+01   0.108895E+06   0.186677E+07   0.187513E+07   0.186677E+07  -0.421352E-01   0.914690E+06   0.914587E+06   0.280289E+00
   0.127095E+00   0.179298E+07   0.178592E+07   0.332734E+01  -0.373650E+01   0.980015E+05   0.178378E+07   0.179179E+07   0.178378E+07  -0.402621E-01   0.874033E+06   0.873938E+06   0.250425E+00
   0.132216E+00   0.170345E+07   0.169650E+07   0.292077E+01  -0.328028E+01   0.878521E+05   0.169464E+07   0.170228E+07   0.169464E+07  -0.382502E-01   0.830365E+06   0.830271E+06   0.236811E+00
   0.137338E+00   0.160979E+07   0.160248E+07   0.255776E+01  -0.287292E+01   0.784679E+05   0.160132E+07   0.160856E+07   0.160132E+07  -0.361438E-01   0.784645E+06   0.784549E+06   0.232888E+00
   0.142460E+00   0.151621E+07   0.150834E+07   0.223854E+01  -0.251468E+01   0.699650E+05   0.150805E+07   0.151489E+07   0.150805E+07  -0.340385E-01   0.738948E+06   0.738849E+06   0.231881E+00
   0.147581E+00   0.142798E+07   0.141964E+07   0.196412E+01  -0.220666E+01   0.624756E+05   0.142012E+07   0.142658E+07   0.142012E+07  -0.320539E-01   0.695868E+06   0.695767E+06   0.228449E+00
   0.152703E+00   0.135003E+07   0.134151E+07   0.173418E+01  -0.194852E+01   0.560848E+05   0.134248E+07   0.134860E+07   0.134248E+07  -0.303014E-01   0.657828E+06   0.657728E+06   0.219607E+00
   0.157824E+00   0.128512E+07   0.127678E+07   0.154529E+01  -0.173640E+01   0.507663E+05   0.127789E+07   0.128372E+07   0.127789E+07  -0.288434E-01   0.626179E+06   0.626082E+06   0.204835E+00
   0.162946E+00   0.123283E+07   0.122503E+07   0.139070E+01  -0.156275E+01   0.463717E+05   0.122591E+07   0.123152E+07   0.122591E+07  -0.276703E-01   0.600714E+06   0.600623E+06   0.185580E+00
   0.168068E+00   0.119040E+07   0.118336E+07   0.126232E+01  -0.141852E+01   0.426888E+05   0.118379E+07   0.118922E+07   0.118379E+07  -0.267197E-01   0.580078E+06   0.579995E+06   0.164439E+00
   0.173189E+00   0.115429E+07   0.114807E+07   0.115280E+01  -0.129546E+01   0.395111E+05   0.114797E+07   0.115324E+07   0.114797E+07  -0.259111E-01   0.562526E+06   0.562451E+06   0.144251E+00
   0.178311E+00   0.112089E+07   0.111542E+07   0.105615E+01  -0.118686E+01   0.366636E+05   0.111485E+07   0.111997E+07   0.111485E+07  -0.251635E-01   0.546295E+06   0.546227E+06   0.127296E+00
   0.183433E+00   0.108695E+07   0.108202E+07   0.967825E+00  -0.108763E+01   0.340087E+05   0.108114E+07   0.108612E+07   0.108114E+07  -0.244027E-01   0.529781E+06   0.529718E+06   0.114789E+00
   0.188554E+00   0.105034E+07   0.104569E+07   0.885112E+00  -0.994708E+00   0.314661E+05   0.104474E+07   0.104956E+07   0.104474E+07  -0.235811E-01   0.511946E+06   0.511886E+06   0.106795E+00
   0.193676E+00   0.101083E+07   0.100624E+07   0.807321E+00  -0.907329E+00   0.290215E+05   0.100542E+07   0.101006E+07   0.100542E+07  -0.226935E-01   0.492678E+06   0.492618E+06   0.102442E+00
   0.198797E+00   0.969738E+06   0.965043E+06   0.735042E+00  -0.826145E+00   0.267060E+05   0.964490E+06   0.968950E+06   0.964490E+06  -0.217697E-01   0.472624E+06   0.472564E+06   0.100316E+00
   0.203919E+00   0.928933E+06   0.924074E+06   0.669117E+00  -0.752095E+00   0.245599E+05   0.923841E+06   0.928117E+06   0.923841E+06  -0.208522E-01   0.452707E+06   0.452646E+06   0.988800E-01
   0.209041E+00   0.890237E+06   0.885249E+06   0.610147E+00  -0.685851E+00   0.226151E+05   0.885298E+06   0.889400E+06   0.885298E+06  -0.199823E-01   0.433821E+06   0.433760E+06   0.968663E-01
   0.214162E+00   0.855188E+06   0.850171E+06   0.558384E+00  -0.627695E+00   0.208912E+05   0.850401E+06   0.854345E+06   0.850401E+06  -0.191946E-01   0.416722E+06   0.416662E+06   0.935268E-01
   0.219284E+00   0.824708E+06   0.819795E+06   0.513605E+00  -0.577376E+00   0.193890E+05   0.820076E+06   0.823883E+06   0.820076E+06  -0.185101E-01   0.401863E+06   0.401805E+06   0.887029E-01
   0.224405E+00   0.798796E+06   0.794108E+06   0.475022E+00  -0.534011E+00   0.180875E+05   0.794318E+06   0.798008E+06   0.794318E+06  -0.179287E-01   0.389241E+06   0.389186E+06   0.827263E-01
   0.229527E+00   0.776602E+06   0.772221E+06   0.441460E+00  -0.496285E+00   0.169491E+05   0.772274E+06   0.775866E+06   0.772274E+06  -0.174312E-01   0.378440E+06   0.378388E+06   0.762282E-01
   0.234649E+00   0.756829E+06   0.752780E+06   0.411665E+00  -0.462791E+00   0.159313E+05   0.752646E+06   0.756149E+06   0.752646E+06  -0.169881E-01   0.368822E+06   0.368773E+06   0.699191E-01
   0.239770E+00   0.738106E+06   0.734360E+06   0.384531E+00  -0.432288E+00   0.149956E+05   0.734058E+06   0.737477E+06   0.734058E+06  -0.165686E-01   0.359714E+06   0.359667E+06   0.643938E-01
   0.244892E+00   0.719274E+06   0.715759E+06   0.359220E+00  -0.403837E+00   0.141122E+05   0.715349E+06   0.718684E+06   0.715349E+06  -0.161463E-01   0.350546E+06   0.350502E+06   0.600013E-01
   0.250014E+00   0.699646E+06   0.696276E+06   0.335249E+00  -0.376895E+00   0.132646E+05   0.695835E+06   0.699081E+06   0.695835E+06  -0.157058E-01   0.340984E+06   0.340941E+06   0.568035E-01
   0.255135E+00   0.679141E+06   0.675832E+06   0.312481E+00  -0.351308E+00   0.124490E+05   0.675433E+06   0.678585E+06   0.675433E+06  -0.152453E-01   0.330987E+06   0.330945E+06   0.546136E-01
   0.260257E+00   0.658149E+06   0.654843E+06   0.291008E+00  -0.327177E+00   0.116707E+05   0.654537E+06   0.657594E+06   0.654537E+06  -0.147737E-01   0.320748E+06   0.320706E+06   0.530849E-01
   0.265378E+00   0.637298E+06   0.633970E+06   0.271003E+00  -0.304694E+00   0.109382E+05   0.633778E+06   0.636739E+06   0.633778E+06  -0.143051E-01   0.310576E+06   0.310534E+06   0.518217E-01
   0.270500E+00   0.617263E+06   0.613920E+06   0.252624E+00  -0.284039E+00   0.102598E+05   0.613832E+06   0.616702E+06   0.613832E+06  -0.138549E-01   0.300802E+06   0.300761E+06   0.504812E-01
   0.275622E+00   0.598628E+06   0.595302E+06   0.235968E+00  -0.265318E+00   0.964080E+04   0.595285E+06   0.598070E+06   0.595285E+06  -0.134363E-01   0.291714E+06   0.291673E+06   0.488444E-01
   0.280743E+00   0.581742E+06   0.578476E+06   0.221016E+00  -0.248512E+00   0.908230E+04   0.578486E+06   0.581194E+06   0.578486E+06  -0.130571E-01   0.283482E+06   0.283442E+06   0.468413E-01
   0.285865E+00   0.566625E+06   0.563462E+06   0.207628E+00  -0.233461E+00   0.857996E+04   0.563455E+06   0.566094E+06   0.563455E+06  -0.127179E-01   0.276117E+06   0.276078E+06   0.445358E-01
   0.290986E+00   0.553007E+06   0.549978E+06   0.195571E+00  -0.219904E+00   0.812551E+04   0.549922E+06   0.552498E+06   0.549922E+06  -0.124124E-01   0.269485E+06   0.269448E+06   0.420817E-01
   0.296108E+00   0.540454E+06   0.537569E+06   0.184581E+00  -0.207548E+00   0.770919E+04   0.537451E+06   0.539970E+06   0.537451E+06  -0.121309E-01   0.263374E+06   0.263339E+06   0.396665E-01
   0.301230E+00   0.528495E+06   0.525746E+06   0.174415E+00  -0.196118E+00   0.732163E+04   0.525569E+06   0.528033E+06   0.525569E+06  -0.118627E-01   0.257551E+06   0.257517E+06   0.374576E-01
   0.306351E+00   0.516712E+06   0.514077E+06   0.164875E+00  -0.185391E+00   0.695530E+04   0.513860E+06   0.516270E+06   0.513860E+06  -0.115984E-01   0.251813E+06   0.251781E+06   0.355631E-01
   0.311473E+00   0.504831E+06   0.502280E+06   0.155830E+00  -0.175223E+00   0.660520E+04   0.502047E+06   0.504403E+06   0.502047E+06  -0.113318E-01   0.246025E+06   0.245993E+06   0.340166E-01
   0.316595E+00   0.492770E+06   0.490272E+06   0.147224E+00  -0.165548E+00   0.626940E+04   0.490050E+06   0.492350E+06   0.490050E+06  -0.110610E-01   0.240146E+06   0.240115E+06   0.327817E-01
   0.321716E+00   0.480625E+06   0.478158E+06   0.139057E+00  -0.156367E+00   0.594834E+04   0.477966E+06   0.480211E+06   0.477966E+06  -0.107883E-01   0.234225E+06   0.234194E+06   0.317729E-01
   0.326838E+00   0.468607E+06   0.466159E+06   0.131361E+00  -0.147715E+00   0.564372E+04   0.466007E+06   0.468196E+06   0.466007E+06  -0.105183E-01   0.228364E+06   0.228334E+06   0.308842E-01
   0.331959E+00   0.456953E+06   0.454523E+06   0.124168E+00  -0.139629E+00   0.535744E+04   0.454410E+06   0.456545E+06   0.454410E+06  -0.102566E-01   0.222682E+06   0.222652E+06   0.300164E-01
   0.337081E+00   0.445867E+06   0.443464E+06   0.117500E+00  -0.132132E+00   0.509065E+04   0.443379E+06   0.445464E+06   0.443379E+06  -0.100076E-01   0.217276E+06   0.217247E+06   0.290995E-01
   0.342203E+00   0.435477E+06   0.433114E+06   0.111351E+00  -0.125219E+00   0.484363E+04   0.433044E+06   0.435080E+06   0.433044E+06  -0.977434E-02   0.212212E+06   0.212183E+06   0.281027E-01
   0.347324E+00   0.425812E+06   0.423504E+06   0.105692E+00  -0.118856E+00   0.461540E+04   0.423433E+06   0.425424E+06   0.423433E+06  -0.955740E-02   0.207502E+06   0.207474E+06   0.270332E-01
   0.352446E+00   0.416802E+06   0.414559E+06   0.100471E+00  -0.112985E+00   0.440407E+04   0.414476E+06   0.416426E+06   0.414476E+06  -0.935522E-02   0.203113E+06   0.203085E+06   0.259261E-01
   0.357567E+00   0.408311E+06   0.406139E+06   0.956255E-01  -0.107537E+00   0.420715E+04   0.406036E+06   0.407946E+06   0.406036E+06  -0.916472E-02   0.198977E+06   0.198950E+06   0.248307E-01
   0.362689E+00   0.400178E+06   0.398074E+06   0.910932E-01  -0.102441E+00   0.402214E+04   0.397951E+06   0.399824E+06   0.397951E+06  -0.898224E-02   0.195015E+06   0.194989E+06   0.237948E-01
   0.367811E+00   0.392252E+06   0.390210E+06   0.868205E-01  -0.976359E-01   0.384690E+04   0.390073E+06   0.391910E+06   0.390073E+06  -0.880442E-02   0.191154E+06   0.191129E+06   0.228534E-01
   0.372932E+00   0.384424E+06   0.382434E+06   0.827668E-01  -0.930778E-01   0.367978E+04   0.382289E+06   0.384090E+06   0.382289E+06  -0.862874E-02   0.187340E+06   0.187316E+06   0.220217E-01
   0.378054E+00   0.376635E+06   0.374686E+06   0.789074E-01  -0.887383E-01   0.351986E+04   0.374544E+06   0.376308E+06   0.374544E+06  -0.845391E-02   0.183545E+06   0.183521E+06   0.212947E-01
   0.383176E+00   0.368896E+06   0.366979E+06   0.752331E-01  -0.846069E-01   0.336681E+04   0.366846E+06   0.368574E+06   0.366846E+06  -0.828016E-02   0.179772E+06   0.179749E+06   0.206520E-01
   0.388297E+00   0.361271E+06   0.359380E+06   0.717464E-01  -0.806865E-01   0.322092E+04   0.359261E+06   0.360954E+06   0.359261E+06  -0.810896E-02   0.176056E+06   0.176032E+06   0.200653E-01
   0.393419E+00   0.353839E+06   0.351972E+06   0.684519E-01  -0.769822E-01   0.308248E+04   0.351867E+06   0.353526E+06   0.351867E+06  -0.794208E-02   0.172432E+06   0.172409E+06   0.195058E-01
   0.398540E+00   0.346664E+06   0.344822E+06   0.653504E-01  -0.734948E-01   0.295165E+04   0.344729E+06   0.346354E+06   0.344729E+06  -0.778096E-02   0.168935E+06   0.168912E+06   0.189501E-01
   0.403662E+00   0.339787E+06   0.337975E+06   0.624383E-01  -0.702204E-01   0.282838E+04   0.337889E+06   0.339482E+06   0.337889E+06  -0.762657E-02   0.165583E+06   0.165560E+06   0.183850E-01
   0.408784E+00   0.333232E+06   0.331453E+06   0.597088E-01  -0.671510E-01   0.271245E+04   0.331370E+06   0.332933E+06   0.331370E+06  -0.747943E-02   0.162388E+06   0.162366E+06   0.178084E-01
   0.413905E+00   0.326992E+06   0.325251E+06   0.571498E-01  -0.642734E-01   0.260344E+04   0.325166E+06   0.326700E+06   0.325166E+06  -0.733940E-02   0.159348E+06   0.159327E+06   0.172274E-01
   0.419027E+00   0.321027E+06   0.319325E+06   0.547442E-01  -0.615681E-01   0.250063E+04   0.319236E+06   0.320742E+06   0.319236E+06  -0.720554E-02   0.156442E+06   0.156421E+06   0.166541E-01
   0.424149E+00   0.315275E+06   0.313612E+06   0.524728E-01  -0.590138E-01   0.240325E+04   0.313516E+06   0.314996E+06   0.313516E+06  -0.707645E-02   0.153639E+06   0.153618E+06   0.161015E-01
   0.429270E+00   0.309680E+06   0.308054E+06   0.503192E-01  -0.565919E-01   0.231059E+04   0.307953E+06   0.309407E+06   0.307953E+06  -0.695089E-02   0.150913E+06   0.150893E+06   0.155806E-01
   0.434392E+00   0.304204E+06   0.302612E+06   0.482708E-01  -0.542884E-01   0.222215E+04   0.302509E+06   0.303937E+06   0.302509E+06  -0.682800E-02   0.148245E+06   0.148225E+06   0.150976E-01
   0.439513E+00   0.298824E+06   0.297261E+06   0.463183E-01  -0.520927E-01   0.213755E+04   0.297159E+06   0.298561E+06   0.297159E+06  -0.670723E-02   0.145623E+06   0.145604E+06   0.146531E-01
   0.444635E+00   0.293526E+06   0.291990E+06   0.444549E-01  -0.499973E-01   0.205652E+04   0.291890E+06   0.293268E+06   0.291890E+06  -0.658832E-02   0.143041E+06   0.143022E+06   0.142428E-01
   0.449757E+00   0.288318E+06   0.286806E+06   0.426771E-01  -0.479981E-01   0.197896E+04   0.286711E+06   0.288064E+06   0.286711E+06  -0.647141E-02   0.140503E+06   0.140484E+06   0.138590E-01
   0.454878E+00   0.283223E+06   0.281732E+06   0.409838E-01  -0.460940E-01   0.190485E+04   0.281642E+06   0.282973E+06   0.281642E+06  -0.635702E-02   0.138020E+06   0.138001E+06   0.134932E-01
   0.460000E+00   0.278266E+06   0.276797E+06   0.393747E-01  -0.442844E-01   0.183421E+04   0.276712E+06   0.278020E+06   0.276712E+06  -0.624574E-02   0.135604E+06   0.135586E+06   0.131381E-01
   0.465121E+00   0.273466E+06   0.272019E+06   0.378478E-01  -0.425674E-01   0.176698E+04   0.271939E+06   0.273223E+06   0.271939E+06  -0.613799E-02   0.133264E+06   0.133246E+06   0.127885E-01
   0.470243E+00   0.268828E+06   0.267404E+06   0.363997E-01  -0.409389E-01   0.170306E+04   0.267326E+06   0.268589E+06   0.267326E+06  -0.603388E-02   0.131004E+06   0.130986E+06   0.124421E-01
   0.475365E+00   0.264348E+06   0.262948E+06   0.350259E-01  -0.393939E-01   0.164226E+04   0.262870E+06   0.264113E+06   0.262870E+06  -0.593331E-02   0.128820E+06   0.128803E+06   0.120994E-01
   0.480486E+00   0.260015E+06   0.258640E+06   0.337212E-01  -0.379267E-01   0.158437E+04   0.258562E+06   0.259784E+06   0.258562E+06  -0.583607E-02   0.126709E+06   0.126692E+06   0.117629E-01
   0.485608E+00   0.255817E+06   0.254467E+06   0.324807E-01  -0.365315E-01   0.152919E+04   0.254388E+06   0.255590E+06   0.254388E+06  -0.574184E-02   0.124664E+06   0.124647E+06   0.114362E-01
   0.490730E+00   0.251734E+06   0.250409E+06   0.312986E-01  -0.352021E-01   0.147646E+04   0.250328E+06   0.251512E+06   0.250328E+06  -0.565022E-02   0.122674E+06   0.122658E+06   0.111225E-01
   0.495851E+00   0.247746E+06   0.246444E+06   0.301697E-01  -0.339325E-01   0.142598E+04   0.246363E+06   0.247527E+06   0.246363E+06  -0.556070E-02   0.120731E+06   0.120715E+06   0.108238E-01
   0.500973E+00   0.243837E+06   0.242556E+06   0.290896E-01  -0.327178E-01   0.137756E+04   0.242476E+06   0.243622E+06   0.242476E+06  -0.547297E-02   0.118826E+06   0.118810E+06   0.105408E-01
   0.506094E+00   0.240004E+06   0.238743E+06   0.280556E-01  -0.315550E-01   0.133108E+04   0.238663E+06   0.239792E+06   0.238663E+06  -0.538692E-02   0.116958E+06   0.116942E+06   0.102728E-01
   0.511216E+00   0.236247E+06   0.235005E+06   0.270659E-01  -0.304419E-01   0.128647E+04   0.234928E+06   0.236039E+06   0.234928E+06  -0.530261E-02   0.115127E+06   0.115112E+06   0.100179E-01
   0.516338E+00   0.232571E+06   0.231347E+06   0.261187E-01  -0.293767E-01   0.124368E+04   0.231272E+06   0.232366E+06   0.231272E+06  -0.522009E-02   0.113336E+06   0.113321E+06   0.977376E-02
   0.521459E+00   0.228978E+06   0.227771E+06   0.252124E-01  -0.283574E-01   0.120264E+04   0.227698E+06   0.228775E+06   0.227698E+06  -0.513942E-02   0.111584E+06   0.111569E+06   0.953787E-02
   0.526581E+00   0.225471E+06   0.224282E+06   0.243457E-01  -0.273827E-01   0.116330E+04   0.224211E+06   0.225272E+06   0.224211E+06  -0.506072E-02   0.109876E+06   0.109861E+06   0.930826E-02
   0.531702E+00   0.222058E+06   0.220886E+06   0.235174E-01  -0.264511E-01   0.112563E+04   0.220817E+06   0.221861E+06   0.220817E+06  -0.498411E-02   0.108212E+06   0.108198E+06   0.908382E-02
   0.536824E+00   0.218740E+06   0.217585E+06   0.227259E-01  -0.255610E-01   0.108955E+04   0.217517E+06   0.218546E+06   0.217517E+06  -0.490962E-02   0.106595E+06   0.106581E+06   0.886418E-02
   0.541946E+00   0.215510E+06   0.214373E+06   0.219692E-01  -0.247099E-01   0.105498E+04   0.214305E+06   0.215319E+06   0.214305E+06  -0.483713E-02   0.105021E+06   0.105007E+06   0.864960E-02
   0.547067E+00   0.212362E+06   0.211242E+06   0.212448E-01  -0.238952E-01   0.102183E+04   0.211174E+06   0.212174E+06   0.211174E+06  -0.476647E-02   0.103487E+06   0.103473E+06   0.844070E-02
   0.559946E+00   0.204773E+06   0.203695E+06   0.195541E-01  -0.219937E-01   0.944159E+03   0.203628E+06   0.204592E+06   0.203628E+06  -0.459613E-02   0.997889E+05   0.997756E+05   0.794527E-02
   0.593872E+00   0.186590E+06   0.185607E+06   0.158400E-01  -0.178165E-01   0.772046E+03   0.185546E+06   0.186425E+06   0.185546E+06  -0.418800E-02   0.909279E+05   0.909157E+05   0.684077E-02
   0.629853E+00   0.169978E+06   0.169083E+06   0.128281E-01  -0.144290E-01   0.630787E+03   0.169027E+06   0.169828E+06   0.169027E+06  -0.381515E-02   0.828328E+05   0.828217E+05   0.587964E-02
   0.879031E+00   0.993662E+05   0.988432E+05   0.385002E-02  -0.433076E-02   0.197101E+03   0.988095E+05   0.992784E+05   0.988095E+05  -0.223025E-02   0.484225E+05   0.484159E+05   0.249197E-02
   0.122679E+01   0.573861E+05   0.570840E+05   0.114154E-02  -0.128413E-02   0.600278E+02   0.570643E+05   0.573354E+05   0.570643E+05  -0.128801E-02   0.279650E+05   0.279611E+05   0.105512E-02
   0.171212E+01   0.327970E+05   0.326242E+05   0.334948E-03  -0.376799E-03   0.179148E+02   0.326130E+05   0.327680E+05   0.326130E+05  -0.736116E-03   0.159824E+05   0.159800E+05   0.451409E-03
   0.238945E+01   0.185760E+05   0.184779E+05   0.973978E-04  -0.109573E-03   0.526296E+01   0.184717E+05   0.185595E+05   0.184717E+05  -0.416930E-03   0.905229E+04   0.905087E+04   0.198554E-03
   0.333475E+01   0.104397E+05   0.103843E+05   0.281013E-04  -0.316163E-04   0.152754E+01   0.103810E+05   0.104304E+05   0.103810E+05  -0.234313E-03   0.508736E+04   0.508644E+04   0.920220E-04
   0.465402E+01   0.582740E+04   0.579619E+04   0.805246E-05  -0.906098E-05   0.439179E+00   0.579460E+04   0.582216E+04   0.579460E+04  -0.130791E-03   0.283973E+04   0.283909E+04   0.462125E-04
   0.649521E+01   0.323353E+04   0.321591E+04   0.229349E-05  -0.258143E-05   0.125324E+00   0.321529E+04   0.323058E+04   0.321529E+04  -0.725730E-04   0.157571E+04   0.157521E+04   0.256602E-04
   0.906480E+01   0.178485E+04   0.177478E+04   0.649658E-06  -0.731608E-06   0.355413E-01   0.177472E+04   0.178316E+04   0.177472E+04  -0.400576E-04   0.869745E+03   0.869316E+03   0.157615E-04
   0.126509E+02   0.980612E+03   0.974724E+03   0.183084E-06  -0.206391E-06   0.100284E-01   0.974987E+03   0.979623E+03   0.974987E+03  -0.220067E-04   0.477829E+03   0.477430E+03   0.105068E-04
   0.176558E+02   0.536504E+03   0.532900E+03   0.513354E-07  -0.579864E-07   0.282351E-02   0.533363E+03   0.535899E+03   0.533363E+03  -0.120386E-04   0.261408E+03   0.261016E+03   0.740100E-05
   0.246407E+02   0.292405E+03   0.290034E+03   0.143146E-07  -0.162323E-07   0.784682E-03   0.290625E+03   0.292007E+03   0.290625E+03  -0.655976E-05   0.142453E+03   0.142055E+03   0.538268E-05
