#          k/h    CDM            baryon         photon         nu             mass_nu        total          no_nu          total_de       Weyl           v_CDM          v_b            v_b-v_c     
   0.994668E-05   0.125873E+08   0.125873E+08   0.167782E+08   0.167780E+08   0.125907E+08   0.125874E+08   0.125873E+08   0.125963E+08  -0.569019E+00   0.107761E+08   0.107761E+08   0.100536E+02
   0.109829E-04   0.125873E+08   0.125873E+08   0.167771E+08   0.167769E+08   0.125907E+08   0.125874E+08   0.125873E+08   0.125963E+08  -0.569019E+00   0.107761E+08   0.107761E+08   0.111008E+02
   0.121271E-04   0.125873E+08   0.125873E+08   0.167757E+08   0.167755E+08   0.125907E+08   0.125874E+08   0.125873E+08   0.125963E+08  -0.569019E+00   0.107761E+08   0.107761E+08   0.122569E+02
   0.133905E-04   0.125873E+08   0.125873E+08   0.167741E+08   0.167738E+08   0.125907E+08   0.125874E+08   0.125873E+08   0.125963E+08  -0.569019E+00   0.107761E+08   0.107761E+08   0.135334E+02
   0.147856E-04   0.125873E+08   0.125873E+08   0.167721E+08   0.167717E+08   0.125907E+08   0.125873E+08   0.125873E+08   0.125963E+08  -0.569018E+00   0.107761E+08   0.107761E+08   0.149427E+02
   0.163259E-04   0.125873E+08   0.125873E+08   0.167697E+08   0.167692E+08   0.125906E+08   0.125873E+08   0.125873E+08   0.125963E+08  -0.569018E+00   0.107761E+08   0.107761E+08   0.164987E+02
   0.180268E-04   0.125873E+08   0.125873E+08   0.167668E+08   0.167662E+08   0.125906E+08   0.125873E+08   0.125873E+08   0.125963E+08  -0.569017E+00   0.107761E+08   0.107761E+08   0.182164E+02
   0.199048E-04   0.125873E+08   0.125873E+08   0.167632E+08   0.167625E+08   0.125906E+08   0.125873E+08   0.125873E+08   0.125963E+08  -0.569017E+00   0.107761E+08   0.107761E+08   0.201127E+02
   0.219785E-04   0.125873E+08   0.125873E+08   0.167588E+08   0.167579E+08   0.125905E+08   0.125873E+08   0.125873E+08   0.125963E+08  -0.569016E+00   0.107761E+08   0.107761E+08   0.222061E+02
   0.242682E-04   0.125873E+08   0.125873E+08   0.167535E+08   0.167524E+08   0.125905E+08   0.125873E+08   0.125873E+08   0.125962E+08  -0.569015E+00   0.107761E+08   0.107761E+08   0.245169E+02
   0.267965E-04   0.125872E+08   0.125872E+08   0.167470E+08   0.167457E+08   0.125904E+08   0.125873E+08   0.125872E+08   0.125962E+08  -0.569014E+00   0.107760E+08   0.107760E+08   0.270675E+02
   0.295882E-04   0.125872E+08   0.125872E+08   0.167391E+08   0.167375E+08   0.125903E+08   0.125872E+08   0.125872E+08   0.125962E+08  -0.569012E+00   0.107760E+08   0.107760E+08   0.298826E+02
   0.326707E-04   0.125872E+08   0.125872E+08   0.167295E+08   0.167275E+08   0.125902E+08   0.125872E+08   0.125872E+08   0.125961E+08  -0.569011E+00   0.107760E+08   0.107760E+08   0.329892E+02
   0.360743E-04   0.125872E+08   0.125872E+08   0.167177E+08   0.167153E+08   0.125901E+08   0.125872E+08   0.125872E+08   0.125961E+08  -0.569009E+00   0.107760E+08   0.107760E+08   0.364173E+02
   0.398325E-04   0.125871E+08   0.125871E+08   0.167034E+08   0.167005E+08   0.125900E+08   0.125871E+08   0.125871E+08   0.125960E+08  -0.569006E+00   0.107759E+08   0.107759E+08   0.401995E+02
   0.439823E-04   0.125871E+08   0.125870E+08   0.166860E+08   0.166824E+08   0.125898E+08   0.125871E+08   0.125871E+08   0.125960E+08  -0.569003E+00   0.107759E+08   0.107759E+08   0.443717E+02
   0.485644E-04   0.125870E+08   0.125870E+08   0.166648E+08   0.166604E+08   0.125896E+08   0.125870E+08   0.125870E+08   0.125959E+08  -0.568999E+00   0.107758E+08   0.107758E+08   0.489731E+02
   0.536238E-04   0.125869E+08   0.125869E+08   0.166390E+08   0.166336E+08   0.125893E+08   0.125869E+08   0.125869E+08   0.125958E+08  -0.568995E+00   0.107758E+08   0.107757E+08   0.540465E+02
   0.592104E-04   0.125868E+08   0.125868E+08   0.166075E+08   0.166010E+08   0.125890E+08   0.125868E+08   0.125868E+08   0.125957E+08  -0.568989E+00   0.107757E+08   0.107757E+08   0.596385E+02
   0.653789E-04   0.125867E+08   0.125867E+08   0.165692E+08   0.165613E+08   0.125886E+08   0.125867E+08   0.125867E+08   0.125955E+08  -0.568982E+00   0.107756E+08   0.107755E+08   0.657998E+02
   0.721901E-04   0.125865E+08   0.125865E+08   0.165227E+08   0.165130E+08   0.125881E+08   0.125865E+08   0.125865E+08   0.125954E+08  -0.568974E+00   0.107754E+08   0.107754E+08   0.725852E+02
   0.797109E-04   0.125864E+08   0.125863E+08   0.164661E+08   0.164543E+08   0.125875E+08   0.125864E+08   0.125864E+08   0.125952E+08  -0.568964E+00   0.107753E+08   0.107753E+08   0.800534E+02
   0.880152E-04   0.125861E+08   0.125861E+08   0.163974E+08   0.163831E+08   0.125868E+08   0.125861E+08   0.125861E+08   0.125949E+08  -0.568951E+00   0.107751E+08   0.107751E+08   0.882675E+02
   0.971847E-04   0.125859E+08   0.125858E+08   0.163139E+08   0.162966E+08   0.125860E+08   0.125859E+08   0.125859E+08   0.125946E+08  -0.568936E+00   0.107749E+08   0.107748E+08   0.972941E+02
   0.107309E-03   0.125856E+08   0.125855E+08   0.162128E+08   0.161917E+08   0.125849E+08   0.125855E+08   0.125855E+08   0.125942E+08  -0.568918E+00   0.107746E+08   0.107745E+08   0.107203E+03
   0.118489E-03   0.125852E+08   0.125851E+08   0.160902E+08   0.160647E+08   0.125836E+08   0.125851E+08   0.125852E+08   0.125937E+08  -0.568896E+00   0.107742E+08   0.107742E+08   0.118066E+03
   0.130833E-03   0.125847E+08   0.125846E+08   0.159420E+08   0.159110E+08   0.125821E+08   0.125847E+08   0.125847E+08   0.125932E+08  -0.568869E+00   0.107738E+08   0.107738E+08   0.129958E+03
   0.144463E-03   0.125841E+08   0.125840E+08   0.157631E+08   0.157256E+08   0.125802E+08   0.125841E+08   0.125841E+08   0.125925E+08  -0.568836E+00   0.107733E+08   0.107733E+08   0.142949E+03
   0.159514E-03   0.125834E+08   0.125833E+08   0.155475E+08   0.155023E+08   0.125778E+08   0.125833E+08   0.125834E+08   0.125916E+08  -0.568796E+00   0.107727E+08   0.107726E+08   0.157107E+03
   0.176132E-03   0.125825E+08   0.125824E+08   0.152885E+08   0.152341E+08   0.125750E+08   0.125825E+08   0.125825E+08   0.125906E+08  -0.568747E+00   0.107720E+08   0.107719E+08   0.172493E+03
   0.194481E-03   0.125815E+08   0.125813E+08   0.149783E+08   0.149130E+08   0.125716E+08   0.125814E+08   0.125814E+08   0.125894E+08  -0.568688E+00   0.107711E+08   0.107709E+08   0.189153E+03
   0.214742E-03   0.125802E+08   0.125800E+08   0.146083E+08   0.145301E+08   0.125674E+08   0.125801E+08   0.125801E+08   0.125879E+08  -0.568616E+00   0.107700E+08   0.107698E+08   0.207112E+03
   0.237114E-03   0.125786E+08   0.125784E+08   0.141690E+08   0.140758E+08   0.125623E+08   0.125785E+08   0.125786E+08   0.125861E+08  -0.568530E+00   0.107686E+08   0.107684E+08   0.226365E+03
   0.261817E-03   0.125767E+08   0.125764E+08   0.136506E+08   0.135401E+08   0.125561E+08   0.125766E+08   0.125767E+08   0.125839E+08  -0.568425E+00   0.107670E+08   0.107668E+08   0.246865E+03
   0.289093E-03   0.125744E+08   0.125741E+08   0.130434E+08   0.129132E+08   0.125486E+08   0.125743E+08   0.125744E+08   0.125812E+08  -0.568298E+00   0.107650E+08   0.107647E+08   0.268506E+03
   0.319211E-03   0.125717E+08   0.125712E+08   0.123384E+08   0.121861E+08   0.125395E+08   0.125714E+08   0.125716E+08   0.125780E+08  -0.568146E+00   0.107626E+08   0.107623E+08   0.291108E+03
   0.352466E-03   0.125683E+08   0.125678E+08   0.115291E+08   0.113526E+08   0.125284E+08   0.125680E+08   0.125682E+08   0.125742E+08  -0.567962E+00   0.107597E+08   0.107593E+08   0.314394E+03
   0.389186E-03   0.125643E+08   0.125636E+08   0.106126E+08   0.104105E+08   0.125149E+08   0.125639E+08   0.125642E+08   0.125696E+08  -0.567742E+00   0.107562E+08   0.107557E+08   0.337968E+03
   0.429732E-03   0.125594E+08   0.125586E+08   0.959259E+07   0.936423E+07   0.124987E+08   0.125590E+08   0.125592E+08   0.125640E+08  -0.567480E+00   0.107520E+08   0.107514E+08   0.361293E+03
   0.474501E-03   0.125535E+08   0.125525E+08   0.848120E+07   0.822761E+07   0.124790E+08   0.125530E+08   0.125533E+08   0.125575E+08  -0.567167E+00   0.107469E+08   0.107462E+08   0.383674E+03
   0.523935E-03   0.125464E+08   0.125453E+08   0.730233E+07   0.702666E+07   0.124552E+08   0.125458E+08   0.125463E+08   0.125497E+08  -0.566796E+00   0.107407E+08   0.107400E+08   0.404252E+03
   0.578519E-03   0.125380E+08   0.125367E+08   0.609354E+07   0.580164E+07   0.124266E+08   0.125373E+08   0.125378E+08   0.125405E+08  -0.566358E+00   0.107334E+08   0.107325E+08   0.422018E+03
   0.638789E-03   0.125279E+08   0.125264E+08   0.490647E+07   0.460729E+07   0.123921E+08   0.125270E+08   0.125277E+08   0.125296E+08  -0.565843E+00   0.107246E+08   0.107236E+08   0.435853E+03
   0.705338E-03   0.125160E+08   0.125142E+08   0.380378E+07   0.350935E+07   0.123508E+08   0.125149E+08   0.125157E+08   0.125169E+08  -0.565242E+00   0.107142E+08   0.107131E+08   0.444618E+03
   0.778821E-03   0.125018E+08   0.124998E+08   0.285105E+07   0.257562E+07   0.123014E+08   0.125005E+08   0.125015E+08   0.125020E+08  -0.564542E+00   0.107018E+08   0.107006E+08   0.447280E+03
   0.859958E-03   0.124851E+08   0.124829E+08   0.210268E+07   0.186087E+07   0.122427E+08   0.124836E+08   0.124848E+08   0.124847E+08  -0.563732E+00   0.106873E+08   0.106859E+08   0.443088E+03
   0.949549E-03   0.124656E+08   0.124631E+08   0.158337E+07   0.138729E+07   0.121730E+08   0.124638E+08   0.124652E+08   0.124646E+08  -0.562797E+00   0.106702E+08   0.106687E+08   0.431757E+03
   0.104847E-02   0.124428E+08   0.124400E+08   0.127163E+07   0.112760E+07   0.120908E+08   0.124406E+08   0.124423E+08   0.124413E+08  -0.561721E+00   0.106502E+08   0.106487E+08   0.413617E+03
   0.115770E-02   0.124162E+08   0.124132E+08   0.109680E+07   0.100297E+07   0.119942E+08   0.124137E+08   0.124157E+08   0.124143E+08  -0.560483E+00   0.106271E+08   0.106255E+08   0.389638E+03
   0.127831E-02   0.123855E+08   0.123823E+08   0.961994E+06   0.908637E+06   0.118817E+08   0.123826E+08   0.123850E+08   0.123831E+08  -0.559061E+00   0.106003E+08   0.105987E+08   0.361301E+03
   0.141149E-02   0.123500E+08   0.123468E+08   0.793893E+06   0.767087E+06   0.117520E+08   0.123467E+08   0.123495E+08   0.123471E+08  -0.557426E+00   0.105695E+08   0.105678E+08   0.330303E+03
   0.155854E-02   0.123093E+08   0.123059E+08   0.592148E+06   0.579263E+06   0.116038E+08   0.123054E+08   0.123087E+08   0.123057E+08  -0.555551E+00   0.105341E+08   0.105325E+08   0.298266E+03
   0.172091E-02   0.122625E+08   0.122592E+08   0.425983E+06   0.418741E+06   0.114359E+08   0.122580E+08   0.122620E+08   0.122583E+08  -0.553405E+00   0.104936E+08   0.104920E+08   0.266626E+03
   0.190019E-02   0.122091E+08   0.122058E+08   0.351567E+06   0.344521E+06   0.112478E+08   0.122040E+08   0.122086E+08   0.122042E+08  -0.550957E+00   0.104474E+08   0.104458E+08   0.236774E+03
   0.209815E-02   0.121484E+08   0.121450E+08   0.327345E+06   0.245768E+06   0.110395E+08   0.121425E+08   0.121478E+08   0.121427E+08  -0.548175E+00   0.103948E+08   0.103933E+08   0.210090E+03
   0.231674E-02   0.120794E+08   0.120760E+08   0.267557E+06   0.200424E+06   0.108114E+08   0.120728E+08   0.120788E+08   0.120730E+08  -0.545023E+00   0.103352E+08   0.103337E+08   0.187511E+03
   0.255810E-02   0.120015E+08   0.119980E+08   0.187637E+06   0.163316E+06   0.105643E+08   0.119941E+08   0.120009E+08   0.119942E+08  -0.541465E+00   0.102679E+08   0.102664E+08   0.168914E+03
   0.282460E-02   0.119138E+08   0.119101E+08   0.157453E+06   0.132960E+06   0.102993E+08   0.119055E+08   0.119132E+08   0.119056E+08  -0.537462E+00   0.101923E+08   0.101907E+08   0.153252E+03
   0.311887E-02   0.118154E+08   0.118115E+08   0.133897E+06   0.108141E+06   0.100172E+08   0.118063E+08   0.118148E+08   0.118063E+08  -0.532979E+00   0.101075E+08   0.101059E+08   0.139322E+03
   0.344379E-02   0.117056E+08   0.117014E+08   0.985925E+05   0.878614E+05   0.971823E+07   0.116955E+08   0.117049E+08   0.116956E+08  -0.527977E+00   0.100129E+08   0.100113E+08   0.126129E+03
   0.380257E-02   0.115835E+08   0.115790E+08   0.926458E+05   0.713015E+05   0.940207E+07   0.115725E+08   0.115828E+08   0.115725E+08  -0.522420E+00   0.990773E+07   0.990622E+07   0.113357E+03
   0.419872E-02   0.114483E+08   0.114435E+08   0.644450E+05   0.577892E+05   0.906840E+07   0.114362E+08   0.114475E+08   0.114363E+08  -0.516269E+00   0.979137E+07   0.978988E+07   0.101600E+03
   0.463615E-02   0.112992E+08   0.112939E+08   0.547541E+05   0.467724E+05   0.871712E+07   0.112861E+08   0.112983E+08   0.112861E+08  -0.509488E+00   0.966306E+07   0.966158E+07   0.913275E+02
   0.511914E-02   0.111352E+08   0.111294E+08   0.401108E+05   0.377983E+05   0.834919E+07   0.111210E+08   0.111342E+08   0.111211E+08  -0.502038E+00   0.952210E+07   0.952062E+07   0.824211E+02
   0.565246E-02   0.109560E+08   0.109496E+08   0.327938E+05   0.304958E+05   0.794506E+07   0.109407E+08   0.109549E+08   0.109407E+08  -0.493894E+00   0.936802E+07   0.936655E+07   0.742828E+02
   0.624133E-02   0.107600E+08   0.107528E+08   0.287642E+05   0.245589E+05   0.753279E+07   0.107435E+08   0.107588E+08   0.107435E+08  -0.484993E+00   0.919957E+07   0.919811E+07   0.667397E+02
   0.689155E-02   0.105466E+08   0.105386E+08   0.232548E+05   0.197384E+05   0.710099E+07   0.105290E+08   0.105453E+08   0.105290E+08  -0.475308E+00   0.901629E+07   0.901484E+07   0.600680E+02
   0.760952E-02   0.103152E+08   0.103061E+08   0.178663E+05   0.158295E+05   0.665600E+07   0.102963E+08   0.103136E+08   0.102963E+08  -0.464805E+00   0.881747E+07   0.881603E+07   0.541744E+02
   0.840228E-02   0.100647E+08   0.100544E+08   0.135272E+05   0.126642E+05   0.620695E+07   0.100447E+08   0.100630E+08   0.100447E+08  -0.453447E+00   0.860243E+07   0.860099E+07   0.488235E+02
   0.927763E-02   0.979452E+07   0.978270E+07   0.117582E+05   0.101050E+05   0.575467E+07   0.977342E+07   0.979254E+07   0.977343E+07  -0.441199E+00   0.837052E+07   0.836909E+07   0.440745E+02
   0.102442E-01   0.950387E+07   0.949029E+07   0.860390E+04   0.803930E+04   0.529707E+07   0.948169E+07   0.950159E+07   0.948169E+07  -0.428029E+00   0.812112E+07   0.811969E+07   0.398467E+02
   0.113114E-01   0.919198E+07   0.917634E+07   0.777137E+04   0.637507E+04   0.483918E+07   0.916876E+07   0.918935E+07   0.916876E+07  -0.413902E+00   0.785355E+07   0.785212E+07   0.360797E+02
   0.124898E-01   0.885812E+07   0.884012E+07   0.509099E+04   0.503696E+04   0.438803E+07   0.883396E+07   0.885510E+07   0.883396E+07  -0.398788E+00   0.756723E+07   0.756580E+07   0.327355E+02
   0.137910E-01   0.850179E+07   0.848108E+07   0.486631E+04   0.396351E+04   0.394752E+07   0.847677E+07   0.849831E+07   0.847677E+07  -0.382664E+00   0.726171E+07   0.726027E+07   0.297598E+02
   0.152278E-01   0.812267E+07   0.809890E+07   0.328147E+04   0.310458E+04   0.351818E+07   0.809690E+07   0.811868E+07   0.809690E+07  -0.365515E+00   0.693673E+07   0.693529E+07   0.271044E+02
   0.168142E-01   0.772979E+07   0.770264E+07   0.245659E+04   0.242214E+04   0.311030E+07   0.770338E+07   0.772523E+07   0.770339E+07  -0.347751E+00   0.660002E+07   0.659856E+07   0.247420E+02
   0.185659E-01   0.730791E+07   0.727710E+07   0.216804E+04   0.187734E+04   0.271942E+07   0.728104E+07   0.730274E+07   0.728104E+07  -0.328685E+00   0.623858E+07   0.623711E+07   0.225851E+02
   0.205001E-01   0.686610E+07   0.683147E+07   0.162475E+04   0.144601E+04   0.235215E+07   0.683895E+07   0.686029E+07   0.683895E+07  -0.308728E+00   0.586016E+07   0.585868E+07   0.206015E+02
   0.226359E-01   0.640084E+07   0.636237E+07   0.114392E+04   0.110510E+04   0.200925E+07   0.637362E+07   0.639438E+07   0.637362E+07  -0.287721E+00   0.546178E+07   0.546029E+07   0.187310E+02
   0.249941E-01   0.592867E+07   0.588660E+07   0.855183E+03   0.839111E+03   0.169754E+07   0.590161E+07   0.592161E+07   0.590161E+07  -0.266414E+00   0.505761E+07   0.505613E+07   0.169413E+02
   0.275980E-01   0.545513E+07   0.541003E+07   0.662169E+03   0.632941E+03   0.141808E+07   0.542848E+07   0.544756E+07   0.542849E+07  -0.245056E+00   0.465244E+07   0.465097E+07   0.151851E+02
   0.304731E-01   0.498231E+07   0.493514E+07   0.525306E+03   0.473902E+03   0.117053E+07   0.495638E+07   0.497439E+07   0.495638E+07  -0.223744E+00   0.424808E+07   0.424664E+07   0.134166E+02
   0.336478E-01   0.452299E+07   0.447519E+07   0.407431E+03   0.352694E+03   0.955986E+06   0.449812E+07   0.451496E+07   0.449812E+07  -0.203056E+00   0.385552E+07   0.385415E+07   0.116164E+02
   0.371533E-01   0.409372E+07   0.404713E+07   0.280558E+03   0.261719E+03   0.774994E+06   0.407022E+07   0.408589E+07   0.407022E+07  -0.183740E+00   0.348893E+07   0.348766E+07   0.978991E+01
   0.410239E-01   0.370511E+07   0.366186E+07   0.219014E+03   0.194227E+03   0.625509E+06   0.368331E+07   0.369785E+07   0.368331E+07  -0.166274E+00   0.315743E+07   0.315628E+07   0.796647E+01
   0.451263E-01   0.337692E+07   0.333885E+07   0.150509E+03   0.146279E+03   0.508616E+06   0.335698E+07   0.337053E+07   0.335698E+07  -0.151543E+00   0.287780E+07   0.287681E+07   0.627588E+01
   0.492287E-01   0.312143E+07   0.308939E+07   0.116901E+03   0.113615E+03   0.422221E+06   0.310330E+07   0.311605E+07   0.310330E+07  -0.140091E+00   0.266041E+07   0.265958E+07   0.486138E+01
   0.533311E-01   0.291594E+07   0.288994E+07   0.930593E+02   0.904429E+02   0.356328E+06   0.289948E+07   0.291158E+07   0.289948E+07  -0.130890E+00   0.248575E+07   0.248505E+07   0.373384E+01
   0.574334E-01   0.274326E+07   0.272256E+07   0.754966E+02   0.733737E+02   0.304431E+06   0.272826E+07   0.273979E+07   0.272826E+07  -0.123160E+00   0.233901E+07   0.233843E+07   0.288770E+01
   0.615358E-01   0.259037E+07   0.257373E+07   0.621057E+02   0.603592E+02   0.262289E+06   0.257657E+07   0.258758E+07   0.257657E+07  -0.116313E+00   0.220901E+07   0.220851E+07   0.229819E+01
   0.656382E-01   0.244580E+07   0.243175E+07   0.515396E+02   0.500901E+02   0.226892E+06   0.243295E+07   0.244344E+07   0.243295E+07  -0.109829E+00   0.208591E+07   0.208547E+07   0.192333E+01
   0.697406E-01   0.230233E+07   0.228943E+07   0.429734E+02   0.417648E+02   0.196436E+06   0.229021E+07   0.230016E+07   0.229021E+07  -0.103386E+00   0.196356E+07   0.196315E+07   0.171175E+01
   0.738430E-01   0.216113E+07   0.214818E+07   0.359750E+02   0.349631E+02   0.170172E+06   0.214954E+07   0.215896E+07   0.214954E+07  -0.970358E-01   0.184300E+07   0.184258E+07   0.161175E+01
   0.779454E-01   0.201799E+07   0.200419E+07   0.301424E+02   0.292945E+02   0.147113E+06   0.200683E+07   0.201567E+07   0.200683E+07  -0.905932E-01   0.172067E+07   0.172024E+07   0.157009E+01
   0.820478E-01   0.187990E+07   0.186491E+07   0.253351E+02   0.246225E+02   0.127256E+06   0.186910E+07   0.187738E+07   0.186910E+07  -0.843757E-01   0.160261E+07   0.160216E+07   0.154736E+01
   0.861502E-01   0.175083E+07   0.173474E+07   0.213961E+02   0.207942E+02   0.110355E+06   0.174038E+07   0.174813E+07   0.174038E+07  -0.785650E-01   0.149226E+07   0.149180E+07   0.151380E+01
   0.912715E-01   0.160742E+07   0.159057E+07   0.174958E+02   0.170036E+02   0.930147E+05   0.159744E+07   0.160459E+07   0.159744E+07  -0.721123E-01   0.136972E+07   0.136927E+07   0.143179E+01
   0.963928E-01   0.148809E+07   0.147148E+07   0.145190E+02   0.141105E+02   0.793505E+05   0.147864E+07   0.148530E+07   0.147864E+07  -0.667496E-01   0.126788E+07   0.126744E+07   0.129914E+01
   0.101514E+00   0.139426E+07   0.137889E+07   0.122653E+02   0.119202E+02   0.687505E+05   0.138542E+07   0.139168E+07   0.138542E+07  -0.625411E-01   0.118795E+07   0.118755E+07   0.112909E+01
   0.106635E+00   0.132244E+07   0.130902E+07   0.105441E+02   0.102475E+02   0.604916E+05   0.131422E+07   0.132019E+07   0.131422E+07  -0.593273E-01   0.112691E+07   0.112656E+07   0.945676E+00
   0.111757E+00   0.126542E+07   0.125421E+07   0.918777E+01   0.892924E+01   0.538523E+05   0.125781E+07   0.126354E+07   0.125781E+07  -0.567808E-01   0.107854E+07   0.107824E+07   0.774224E+00
   0.116878E+00   0.121539E+07   0.120619E+07   0.806970E+01   0.784263E+01   0.482464E+05   0.120833E+07   0.121384E+07   0.120833E+07  -0.545469E-01   0.103611E+07   0.103585E+07   0.634287E+00
   0.121999E+00   0.116621E+07   0.115849E+07   0.710772E+01   0.690771E+01   0.432846E+05   0.115961E+07   0.116491E+07   0.115961E+07  -0.523475E-01   0.994339E+06   0.994110E+06   0.535769E+00
   0.127121E+00   0.111429E+07   0.110733E+07   0.625533E+01   0.607930E+01   0.387527E+05   0.110804E+07   0.111312E+07   0.110804E+07  -0.500195E-01   0.950124E+06   0.949911E+06   0.478253E+00
   0.132242E+00   0.105864E+07   0.105179E+07   0.549118E+01   0.533665E+01   0.345672E+05   0.105265E+07   0.105749E+07   0.105265E+07  -0.475193E-01   0.902638E+06   0.902429E+06   0.453092E+00
   0.137363E+00   0.100047E+07   0.993260E+06   0.480892E+01   0.467359E+01   0.307292E+05   0.994674E+06   0.999258E+06   0.994674E+06  -0.449020E-01   0.852930E+06   0.852715E+06   0.447146E+00
   0.142484E+00   0.942362E+06   0.934605E+06   0.420898E+01   0.409054E+01   0.272754E+05   0.936735E+06   0.941060E+06   0.936735E+06  -0.422865E-01   0.803255E+06   0.803032E+06   0.446837E+00
   0.147606E+00   0.887590E+06   0.879365E+06   0.369326E+01   0.358933E+01   0.242507E+05   0.882129E+06   0.886209E+06   0.882129E+06  -0.398215E-01   0.756437E+06   0.756209E+06   0.441462E+00
   0.152727E+00   0.839208E+06   0.830797E+06   0.326118E+01   0.316940E+01   0.216804E+05   0.833932E+06   0.837795E+06   0.833932E+06  -0.376458E-01   0.715112E+06   0.714885E+06   0.425041E+00
   0.157848E+00   0.798910E+06   0.790683E+06   0.290621E+01   0.282442E+01   0.195469E+05   0.793846E+06   0.797529E+06   0.793846E+06  -0.358362E-01   0.680740E+06   0.680521E+06   0.396551E+00
   0.162970E+00   0.766421E+06   0.758722E+06   0.261563E+01   0.254202E+01   0.177870E+05   0.761591E+06   0.765128E+06   0.761591E+06  -0.343801E-01   0.653082E+06   0.652877E+06   0.358922E+00
   0.168091E+00   0.740032E+06   0.733086E+06   0.237427E+01   0.230745E+01   0.163140E+05   0.735446E+06   0.738866E+06   0.735446E+06  -0.331998E-01   0.630662E+06   0.630475E+06   0.317399E+00
   0.173212E+00   0.717553E+06   0.711428E+06   0.216833E+01   0.210731E+01   0.150459E+05   0.713204E+06   0.716524E+06   0.713204E+06  -0.321958E-01   0.611589E+06   0.611420E+06   0.277705E+00
   0.178334E+00   0.696764E+06   0.691371E+06   0.198658E+01   0.193067E+01   0.139135E+05   0.692630E+06   0.695858E+06   0.692630E+06  -0.312671E-01   0.593946E+06   0.593794E+06   0.244428E+00
   0.183455E+00   0.675636E+06   0.670773E+06   0.182045E+01   0.176921E+01   0.128628E+05   0.671686E+06   0.674820E+06   0.671686E+06  -0.303216E-01   0.575986E+06   0.575845E+06   0.220027E+00
   0.188576E+00   0.652862E+06   0.648281E+06   0.166487E+01   0.161801E+01   0.118625E+05   0.649062E+06   0.652093E+06   0.649062E+06  -0.293003E-01   0.556587E+06   0.556452E+06   0.204636E+00
   0.193698E+00   0.628303E+06   0.623776E+06   0.151857E+01   0.147583E+01   0.109065E+05   0.624624E+06   0.627543E+06   0.624624E+06  -0.281971E-01   0.535632E+06   0.535499E+06   0.196512E+00
   0.198819E+00   0.602776E+06   0.598147E+06   0.138265E+01   0.134373E+01   0.100059E+05   0.599196E+06   0.601998E+06   0.599196E+06  -0.270492E-01   0.513829E+06   0.513695E+06   0.192813E+00
   0.203940E+00   0.577435E+06   0.572644E+06   0.125868E+01   0.122326E+01   0.917484E+04   0.573945E+06   0.576631E+06   0.573945E+06  -0.259093E-01   0.492177E+06   0.492041E+06   0.190453E+00
   0.209061E+00   0.553406E+06   0.548486E+06   0.114780E+01   0.111549E+01   0.842427E+04   0.550005E+06   0.552580E+06   0.550005E+06  -0.248286E-01   0.471650E+06   0.471513E+06   0.186887E+00
   0.214183E+00   0.531640E+06   0.526692E+06   0.105046E+01   0.102090E+01   0.776070E+04   0.528334E+06   0.530809E+06   0.528334E+06  -0.238503E-01   0.453067E+06   0.452932E+06   0.180618E+00
   0.219304E+00   0.512707E+06   0.507861E+06   0.966261E+00   0.939065E+00   0.718342E+04   0.509505E+06   0.511894E+06   0.509505E+06  -0.230003E-01   0.436922E+06   0.436790E+06   0.171327E+00
   0.224425E+00   0.496603E+06   0.491979E+06   0.893700E+00   0.868546E+00   0.668386E+04   0.493511E+06   0.495826E+06   0.493511E+06  -0.222783E-01   0.423207E+06   0.423081E+06   0.159686E+00
   0.229547E+00   0.482801E+06   0.478480E+06   0.830575E+00   0.807197E+00   0.624735E+04   0.479823E+06   0.482076E+06   0.479823E+06  -0.216604E-01   0.411469E+06   0.411351E+06   0.146967E+00
   0.234668E+00   0.470500E+06   0.466508E+06   0.774530E+00   0.752730E+00   0.585773E+04   0.467634E+06   0.469830E+06   0.467634E+06  -0.211102E-01   0.401016E+06   0.400905E+06   0.134603E+00
   0.239789E+00   0.458850E+06   0.455156E+06   0.723484E+00   0.703120E+00   0.550043E+04   0.456087E+06   0.458230E+06   0.456087E+06  -0.205889E-01   0.391113E+06   0.391009E+06   0.123793E+00
   0.244911E+00   0.447131E+06   0.443666E+06   0.675863E+00   0.656840E+00   0.516421E+04   0.444460E+06   0.446550E+06   0.444460E+06  -0.200640E-01   0.381143E+06   0.381044E+06   0.115240E+00
   0.250032E+00   0.434924E+06   0.431601E+06   0.630764E+00   0.613010E+00   0.484289E+04   0.432333E+06   0.434366E+06   0.432333E+06  -0.195166E-01   0.370744E+06   0.370648E+06   0.109073E+00
   0.255153E+00   0.422178E+06   0.418916E+06   0.587934E+00   0.571386E+00   0.453495E+04   0.419656E+06   0.421630E+06   0.419656E+06  -0.189443E-01   0.359873E+06   0.359779E+06   0.104916E+00
   0.260274E+00   0.409135E+06   0.405876E+06   0.547543E+00   0.532131E+00   0.424217E+04   0.406674E+06   0.408588E+06   0.406674E+06  -0.183583E-01   0.348741E+06   0.348648E+06   0.102073E+00
   0.265396E+00   0.396182E+06   0.392900E+06   0.509911E+00   0.495558E+00   0.396750E+04   0.393777E+06   0.395631E+06   0.393777E+06  -0.177761E-01   0.337682E+06   0.337590E+06   0.997499E-01
   0.270517E+00   0.383735E+06   0.380438E+06   0.475339E+00   0.461960E+00   0.371368E+04   0.381385E+06   0.383181E+06   0.381385E+06  -0.172167E-01   0.327056E+06   0.326964E+06   0.972574E-01
   0.275638E+00   0.372158E+06   0.368877E+06   0.444007E+00   0.431510E+00   0.348262E+04   0.369865E+06   0.371607E+06   0.369865E+06  -0.166966E-01   0.317177E+06   0.317087E+06   0.941563E-01
   0.280760E+00   0.361666E+06   0.358445E+06   0.415884E+00   0.404178E+00   0.327441E+04   0.359432E+06   0.361125E+06   0.359432E+06  -0.162256E-01   0.308231E+06   0.308142E+06   0.903067E-01
   0.285881E+00   0.352271E+06   0.349151E+06   0.390699E+00   0.379702E+00   0.308736E+04   0.350097E+06   0.351747E+06   0.350097E+06  -0.158042E-01   0.300226E+06   0.300140E+06   0.858372E-01
   0.291002E+00   0.343803E+06   0.340815E+06   0.368014E+00   0.357655E+00   0.291835E+04   0.341690E+06   0.343301E+06   0.341690E+06  -0.154247E-01   0.293017E+06   0.292934E+06   0.810583E-01
   0.296124E+00   0.335995E+06   0.333150E+06   0.347337E+00   0.337560E+00   0.276370E+04   0.333943E+06   0.335518E+06   0.333943E+06  -0.150750E-01   0.286373E+06   0.286294E+06   0.763481E-01
   0.301245E+00   0.328557E+06   0.325846E+06   0.328209E+00   0.318971E+00   0.262005E+04   0.326561E+06   0.328102E+06   0.326561E+06  -0.147418E-01   0.280043E+06   0.279967E+06   0.720440E-01
   0.306366E+00   0.321229E+06   0.318631E+06   0.310259E+00   0.301526E+00   0.248454E+04   0.319286E+06   0.320793E+06   0.319286E+06  -0.144134E-01   0.273804E+06   0.273731E+06   0.683649E-01
   0.311487E+00   0.313841E+06   0.311325E+06   0.293240E+00   0.284986E+00   0.235541E+04   0.311946E+06   0.313419E+06   0.311946E+06  -0.140820E-01   0.267510E+06   0.267439E+06   0.653785E-01
   0.316609E+00   0.306342E+06   0.303880E+06   0.277047E+00   0.269248E+00   0.223188E+04   0.304491E+06   0.305929E+06   0.304491E+06  -0.137455E-01   0.261117E+06   0.261047E+06   0.630125E-01
   0.321730E+00   0.298794E+06   0.296362E+06   0.261681E+00   0.254315E+00   0.211405E+04   0.296983E+06   0.298386E+06   0.296983E+06  -0.134066E-01   0.254679E+06   0.254610E+06   0.610956E-01
   0.326851E+00   0.291326E+06   0.288912E+06   0.247200E+00   0.240242E+00   0.200256E+04   0.289553E+06   0.290921E+06   0.289553E+06  -0.130712E-01   0.248308E+06   0.248240E+06   0.594143E-01
   0.331973E+00   0.284085E+06   0.281689E+06   0.233669E+00   0.227092E+00   0.189795E+04   0.282349E+06   0.283683E+06   0.282349E+06  -0.127459E-01   0.242130E+06   0.242063E+06   0.577700E-01
   0.337094E+00   0.277196E+06   0.274826E+06   0.221122E+00   0.214898E+00   0.180064E+04   0.275496E+06   0.276798E+06   0.275496E+06  -0.124366E-01   0.236254E+06   0.236187E+06   0.560217E-01
   0.342215E+00   0.270738E+06   0.268408E+06   0.209552E+00   0.203654E+00   0.171066E+04   0.269076E+06   0.270347E+06   0.269076E+06  -0.121467E-01   0.230747E+06   0.230683E+06   0.541077E-01
   0.347337E+00   0.264730E+06   0.262454E+06   0.198904E+00   0.193305E+00   0.162761E+04   0.263104E+06   0.264348E+06   0.263104E+06  -0.118772E-01   0.225627E+06   0.225564E+06   0.520426E-01
   0.352458E+00   0.259129E+06   0.256917E+06   0.189081E+00   0.183758E+00   0.155083E+04   0.257540E+06   0.258758E+06   0.257540E+06  -0.116260E-01   0.220855E+06   0.220794E+06   0.498975E-01
   0.357579E+00   0.253850E+06   0.251707E+06   0.179963E+00   0.174898E+00   0.147935E+04   0.252297E+06   0.253490E+06   0.252297E+06  -0.113893E-01   0.216359E+06   0.216299E+06   0.477716E-01
   0.362700E+00   0.248792E+06   0.246717E+06   0.171435E+00   0.166609E+00   0.141232E+04   0.247274E+06   0.248443E+06   0.247274E+06  -0.111626E-01   0.212052E+06   0.211994E+06   0.457616E-01
   0.367822E+00   0.243863E+06   0.241850E+06   0.163394E+00   0.158795E+00   0.134892E+04   0.242379E+06   0.243525E+06   0.242379E+06  -0.109416E-01   0.207854E+06   0.207797E+06   0.439382E-01
   0.372943E+00   0.238996E+06   0.237033E+06   0.155766E+00   0.151382E+00   0.128856E+04   0.237543E+06   0.238666E+06   0.237543E+06  -0.107233E-01   0.203707E+06   0.203651E+06   0.423320E-01
   0.378064E+00   0.234154E+06   0.232232E+06   0.148504E+00   0.144324E+00   0.123093E+04   0.232730E+06   0.233831E+06   0.232730E+06  -0.105060E-01   0.199580E+06   0.199526E+06   0.409336E-01
   0.383186E+00   0.229343E+06   0.227453E+06   0.141590E+00   0.137604E+00   0.117586E+04   0.227948E+06   0.229026E+06   0.227948E+06  -0.102901E-01   0.195478E+06   0.195425E+06   0.397020E-01
   0.388307E+00   0.224604E+06   0.222739E+06   0.135029E+00   0.131228E+00   0.112347E+04   0.223235E+06   0.224291E+06   0.223235E+06  -0.100774E-01   0.191437E+06   0.191384E+06   0.385806E-01
   0.393428E+00   0.219985E+06   0.218144E+06   0.128829E+00   0.125203E+00   0.107382E+04   0.218641E+06   0.219676E+06   0.218641E+06  -0.987000E-02   0.187498E+06   0.187446E+06   0.375111E-01
   0.398550E+00   0.215525E+06   0.213709E+06   0.122993E+00   0.119531E+00   0.102697E+04   0.214206E+06   0.215220E+06   0.214206E+06  -0.966980E-02   0.183695E+06   0.183644E+06   0.364470E-01
   0.403671E+00   0.211250E+06   0.209463E+06   0.117513E+00   0.114205E+00   0.982892E+03   0.209957E+06   0.210950E+06   0.209957E+06  -0.947796E-02   0.180050E+06   0.180000E+06   0.353617E-01
   0.408792E+00   0.207176E+06   0.205422E+06   0.112377E+00   0.109214E+00   0.941480E+03   0.205906E+06   0.206881E+06   0.205906E+06  -0.929513E-02   0.176577E+06   0.176528E+06   0.342511E-01
   0.413913E+00   0.203297E+06   0.201580E+06   0.107561E+00   0.104533E+00   0.902589E+03   0.202052E+06   0.203009E+06   0.202052E+06  -0.912112E-02   0.173272E+06   0.173224E+06   0.331294E-01
   0.419035E+00   0.199588E+06   0.197909E+06   0.103034E+00   0.100134E+00   0.865952E+03   0.198367E+06   0.199306E+06   0.198367E+06  -0.895478E-02   0.170112E+06   0.170065E+06   0.320209E-01
   0.424156E+00   0.196011E+06   0.194371E+06   0.987596E-01   0.959796E-01   0.831287E+03   0.194814E+06   0.195736E+06   0.194814E+06  -0.879437E-02   0.167064E+06   0.167018E+06   0.309524E-01
   0.429277E+00   0.192533E+06   0.190929E+06   0.947067E-01   0.920408E-01   0.798355E+03   0.191357E+06   0.192264E+06   0.191357E+06  -0.863835E-02   0.164101E+06   0.164056E+06   0.299457E-01
   0.434399E+00   0.189129E+06   0.187558E+06   0.908518E-01   0.882944E-01   0.766955E+03   0.187975E+06   0.188865E+06   0.187975E+06  -0.848564E-02   0.161200E+06   0.161156E+06   0.290137E-01
   0.439520E+00   0.185783E+06   0.184243E+06   0.871772E-01   0.847233E-01   0.736966E+03   0.184650E+06   0.185525E+06   0.184650E+06  -0.833556E-02   0.158349E+06   0.158305E+06   0.281576E-01
   0.444641E+00   0.182490E+06   0.180975E+06   0.836704E-01   0.813152E-01   0.708280E+03   0.181377E+06   0.182236E+06   0.181377E+06  -0.818779E-02   0.155541E+06   0.155499E+06   0.273687E-01
   0.449763E+00   0.179253E+06   0.177761E+06   0.803248E-01   0.780637E-01   0.680856E+03   0.178158E+06   0.179002E+06   0.178158E+06  -0.804251E-02   0.152782E+06   0.152740E+06   0.266317E-01
   0.454884E+00   0.176086E+06   0.174615E+06   0.771383E-01   0.749669E-01   0.654690E+03   0.175010E+06   0.175839E+06   0.175010E+06  -0.790036E-02   0.150081E+06   0.150040E+06   0.259298E-01
   0.460005E+00   0.173004E+06   0.171556E+06   0.741100E-01   0.720238E-01   0.629772E+03   0.171946E+06   0.172761E+06   0.171946E+06  -0.776208E-02   0.147455E+06   0.147414E+06   0.252481E-01
   0.465127E+00   0.170020E+06   0.168593E+06   0.712364E-01   0.692312E-01   0.606097E+03   0.168980E+06   0.169781E+06   0.168980E+06  -0.762818E-02   0.144911E+06   0.144871E+06   0.245761E-01
   0.470248E+00   0.167137E+06   0.165733E+06   0.685112E-01   0.665827E-01   0.583601E+03   0.166114E+06   0.166901E+06   0.166114E+06  -0.749881E-02   0.142453E+06   0.142414E+06   0.239095E-01
   0.475369E+00   0.164352E+06   0.162972E+06   0.659257E-01   0.640699E-01   0.562229E+03   0.163346E+06   0.164120E+06   0.163346E+06  -0.737384E-02   0.140079E+06   0.140041E+06   0.232491E-01
   0.480490E+00   0.161658E+06   0.160303E+06   0.634703E-01   0.616837E-01   0.541904E+03   0.160669E+06   0.161431E+06   0.160669E+06  -0.725300E-02   0.137784E+06   0.137746E+06   0.226003E-01
   0.485612E+00   0.159048E+06   0.157717E+06   0.611355E-01   0.594146E-01   0.522541E+03   0.158075E+06   0.158824E+06   0.158075E+06  -0.713591E-02   0.135559E+06   0.135522E+06   0.219700E-01
   0.490733E+00   0.156510E+06   0.155203E+06   0.589108E-01   0.572525E-01   0.504071E+03   0.155553E+06   0.156290E+06   0.155553E+06  -0.702204E-02   0.133396E+06   0.133360E+06   0.213649E-01
   0.495854E+00   0.154030E+06   0.152746E+06   0.567862E-01   0.551877E-01   0.486397E+03   0.153089E+06   0.153815E+06   0.153089E+06  -0.691081E-02   0.131283E+06   0.131247E+06   0.207890E-01
   0.500976E+00   0.151600E+06   0.150337E+06   0.547535E-01   0.532122E-01   0.469467E+03   0.150674E+06   0.151388E+06   0.150674E+06  -0.680179E-02   0.129212E+06   0.129177E+06   0.202438E-01
   0.506097E+00   0.149217E+06   0.147974E+06   0.528075E-01   0.513210E-01   0.453232E+03   0.148305E+06   0.149008E+06   0.148305E+06  -0.669485E-02   0.127181E+06   0.127146E+06   0.197278E-01
   0.511218E+00   0.146882E+06   0.145657E+06   0.509447E-01   0.495106E-01   0.437666E+03   0.145984E+06   0.146676E+06   0.145984E+06  -0.659007E-02   0.125190E+06   0.125156E+06   0.192376E-01
   0.516340E+00   0.144596E+06   0.143389E+06   0.491620E-01   0.477781E-01   0.422756E+03   0.143712E+06   0.144394E+06   0.143712E+06  -0.648753E-02   0.123242E+06   0.123208E+06   0.187683E-01
   0.521461E+00   0.142362E+06   0.141173E+06   0.474563E-01   0.461205E-01   0.408462E+03   0.141492E+06   0.142163E+06   0.141492E+06  -0.638729E-02   0.121338E+06   0.121305E+06   0.183147E-01
   0.526582E+00   0.140183E+06   0.139010E+06   0.458251E-01   0.445352E-01   0.394780E+03   0.139325E+06   0.139986E+06   0.139325E+06  -0.628948E-02   0.119480E+06   0.119447E+06   0.178732E-01
   0.531703E+00   0.138061E+06   0.136905E+06   0.442662E-01   0.430201E-01   0.381687E+03   0.137216E+06   0.137867E+06   0.137216E+06  -0.619427E-02   0.117671E+06   0.117639E+06   0.174413E-01
   0.536825E+00   0.135998E+06   0.134859E+06   0.427766E-01   0.415725E-01   0.369158E+03   0.135165E+06   0.135806E+06   0.135165E+06  -0.610170E-02   0.115913E+06   0.115881E+06   0.170185E-01
   0.541946E+00   0.133990E+06   0.132869E+06   0.413523E-01   0.401883E-01   0.357171E+03   0.133170E+06   0.133802E+06   0.133170E+06  -0.601162E-02   0.114202E+06   0.114170E+06   0.166052E-01
   0.547067E+00   0.132033E+06   0.130928E+06   0.399889E-01   0.388633E-01   0.345676E+03   0.131225E+06   0.131847E+06   0.131225E+06  -0.592381E-02   0.112534E+06   0.112503E+06   0.162027E-01
   0.559946E+00   0.127314E+06   0.126251E+06   0.368065E-01   0.357705E-01   0.318802E+03   0.126535E+06   0.127136E+06   0.126535E+06  -0.571212E-02   0.108512E+06   0.108482E+06   0.152483E-01
   0.593872E+00   0.116009E+06   0.115040E+06   0.298157E-01   0.289764E-01   0.259473E+03   0.115299E+06   0.115846E+06   0.115299E+06  -0.520490E-02   0.988766E+05   0.988494E+05   0.131228E-01
   0.629853E+00   0.105681E+06   0.104799E+06   0.241466E-01   0.234669E-01   0.211049E+03   0.105034E+06   0.105533E+06   0.105034E+06  -0.474151E-02   0.900739E+05   0.900490E+05   0.112726E-01
   0.879031E+00   0.617794E+05   0.612637E+05   0.724716E-02   0.704315E-02   0.645042E+02   0.614011E+05   0.616928E+05   0.614011E+05  -0.277180E-02   0.526556E+05   0.526410E+05   0.475588E-02
   0.122679E+01   0.356789E+05   0.353811E+05   0.214883E-02   0.208834E-02   0.193254E+02   0.354604E+05   0.356289E+05   0.354604E+05  -0.160077E-02   0.304097E+05   0.304012E+05   0.199638E-02
   0.171212E+01   0.203911E+05   0.202208E+05   0.630520E-03   0.612771E-03   0.570285E+01   0.202661E+05   0.203625E+05   0.202661E+05  -0.914863E-03   0.173796E+05   0.173746E+05   0.840642E-03
   0.238945E+01   0.115494E+05   0.114528E+05   0.183351E-03   0.178190E-03   0.166342E+01   0.114786E+05   0.115332E+05   0.114786E+05  -0.518171E-03   0.984370E+04   0.984069E+04   0.359584E-03
   0.333475E+01   0.649074E+04   0.643632E+04   0.529036E-04   0.514144E-04   0.480783E+00   0.645092E+04   0.648160E+04   0.645092E+04  -0.291211E-03   0.553214E+04   0.553028E+04   0.159294E-03
   0.465402E+01   0.362311E+04   0.359257E+04   0.151612E-04   0.147344E-04   0.137870E+00   0.360086E+04   0.361798E+04   0.360086E+04  -0.162552E-03   0.308801E+04   0.308679E+04   0.750175E-04
   0.649521E+01   0.201042E+04   0.199329E+04   0.431907E-05   0.419751E-05   0.393239E-01   0.199804E+04   0.200754E+04   0.199804E+04  -0.901964E-04   0.171349E+04   0.171261E+04   0.385853E-04
   0.906480E+01   0.110972E+04   0.110006E+04   0.122392E-05   0.118947E-05   0.111424E-01   0.110285E+04   0.110810E+04   0.110285E+04  -0.497855E-04   0.945803E+03   0.945104E+03   0.220087E-04
   0.126509E+02   0.609701E+03   0.604182E+03   0.345188E-06   0.335478E-06   0.315497E-02   0.605892E+03   0.608774E+03   0.605892E+03  -0.273515E-04   0.519626E+03   0.519013E+03   0.138368E-04
