#           k/h    P           
   0.100000E-03   0.533038E+03
   0.102020E-03   0.543365E+03
   0.104081E-03   0.553892E+03
   0.106184E-03   0.564622E+03
   0.108329E-03   0.575561E+03
   0.110517E-03   0.586710E+03
   0.112750E-03   0.598076E+03
   0.115027E-03   0.609661E+03
   0.117351E-03   0.621470E+03
   0.119722E-03   0.633508E+03
   0.122140E-03   0.645779E+03
   0.124608E-03   0.658286E+03
   0.127125E-03   0.671036E+03
   0.129693E-03   0.684032E+03
   0.132313E-03   0.697279E+03
   0.134986E-03   0.710782E+03
   0.137713E-03   0.724546E+03
   0.140495E-03   0.738576E+03
   0.143333E-03   0.752877E+03
   0.146228E-03   0.767454E+03
   0.149182E-03   0.782312E+03
   0.152196E-03   0.797458E+03
   0.155271E-03   0.812896E+03
   0.158407E-03   0.828632E+03
   0.161607E-03   0.844672E+03
   0.164872E-03   0.861021E+03
   0.168203E-03   0.877686E+03
   0.171601E-03   0.894672E+03
   0.175067E-03   0.911986E+03
   0.178604E-03   0.929633E+03
   0.182212E-03   0.947621E+03
   0.185893E-03   0.965955E+03
   0.189648E-03   0.984642E+03
   0.193479E-03   0.100369E+04
   0.197388E-03   0.102310E+04
   0.201375E-03   0.104289E+04
   0.205443E-03   0.106306E+04
   0.209594E-03   0.108362E+04
   0.213828E-03   0.110457E+04
   0.218147E-03   0.112593E+04
   0.222554E-03   0.114769E+04
   0.227050E-03   0.116988E+04
   0.231637E-03   0.119249E+04
   0.236316E-03   0.121553E+04
   0.241090E-03   0.123902E+04
   0.245960E-03   0.126296E+04
   0.250929E-03   0.128736E+04
   0.255998E-03   0.131222E+04
   0.261170E-03   0.133757E+04
   0.266446E-03   0.136339E+04
   0.271828E-03   0.138972E+04
   0.277319E-03   0.141654E+04
   0.282922E-03   0.144388E+04
   0.288637E-03   0.147174E+04
   0.294468E-03   0.150014E+04
   0.300417E-03   0.152908E+04
   0.306485E-03   0.155857E+04
   0.312677E-03   0.158862E+04
   0.318993E-03   0.161925E+04
   0.325437E-03   0.165046E+04
   0.332012E-03   0.168226E+04
   0.338719E-03   0.171467E+04
   0.345561E-03   0.174770E+04
   0.352542E-03   0.178135E+04
   0.359664E-03   0.181564E+04
   0.366930E-03   0.185059E+04
   0.374342E-03   0.188619E+04
   0.381904E-03   0.192248E+04
   0.389619E-03   0.195945E+04
   0.397490E-03   0.199711E+04
   0.405520E-03   0.203549E+04
   0.413712E-03   0.207460E+04
   0.422070E-03   0.211444E+04
   0.430596E-03   0.215504E+04
   0.439295E-03   0.219639E+04
   0.448169E-03   0.223853E+04
   0.457222E-03   0.228146E+04
   0.466459E-03   0.232519E+04
   0.475882E-03   0.236975E+04
   0.485496E-03   0.241514E+04
   0.495303E-03   0.246137E+04
   0.505309E-03   0.250847E+04
   0.515517E-03   0.255645E+04
   0.525931E-03   0.260533E+04
   0.536556E-03   0.265511E+04
   0.547395E-03   0.270582E+04
   0.558453E-03   0.275747E+04
   0.569734E-03   0.281008E+04
   0.581244E-03   0.286366E+04
   0.592986E-03   0.291823E+04
   0.604965E-03   0.297381E+04
   0.617186E-03   0.303041E+04
   0.629654E-03   0.308805E+04
   0.642374E-03   0.314675E+04
   0.655350E-03   0.320652E+04
   0.668589E-03   0.326739E+04
   0.682096E-03   0.332937E+04
   0.695875E-03   0.339247E+04
   0.709933E-03   0.345673E+04
   0.724274E-03   0.352215E+04
   0.738906E-03   0.358875E+04
   0.753832E-03   0.365656E+04
   0.769061E-03   0.372559E+04
   0.784597E-03   0.379587E+04
   0.800447E-03   0.386740E+04
   0.816617E-03   0.394021E+04
   0.833114E-03   0.401433E+04
   0.849944E-03   0.408976E+04
   0.867114E-03   0.416654E+04
   0.884631E-03   0.424467E+04
   0.902501E-03   0.432419E+04
   0.920733E-03   0.440510E+04
   0.939333E-03   0.448744E+04
   0.958309E-03   0.457122E+04
   0.977668E-03   0.465646E+04
   0.997418E-03   0.474319E+04
   0.101757E-02   0.483141E+04
   0.103812E-02   0.492117E+04
   0.105910E-02   0.501247E+04
   0.108049E-02   0.510533E+04
   0.110232E-02   0.519978E+04
   0.112459E-02   0.529584E+04
   0.114730E-02   0.539353E+04
   0.117048E-02   0.549287E+04
   0.119413E-02   0.559388E+04
   0.121825E-02   0.569658E+04
   0.124286E-02   0.580100E+04
   0.126797E-02   0.590714E+04
   0.129358E-02   0.601504E+04
   0.131971E-02   0.612471E+04
   0.134637E-02   0.623618E+04
   0.137357E-02   0.634945E+04
   0.140132E-02   0.646456E+04
   0.142963E-02   0.658152E+04
   0.145851E-02   0.670035E+04
   0.148797E-02   0.682107E+04
   0.151803E-02   0.694370E+04
   0.154870E-02   0.706825E+04
   0.157998E-02   0.719475E+04
   0.161190E-02   0.732320E+04
   0.164446E-02   0.745364E+04
   0.167768E-02   0.758606E+04
   0.171158E-02   0.772050E+04
   0.174615E-02   0.785696E+04
   0.178143E-02   0.799546E+04
   0.181741E-02   0.813601E+04
   0.185413E-02   0.827862E+04
   0.189158E-02   0.842332E+04
   0.192980E-02   0.857010E+04
   0.196878E-02   0.871898E+04
   0.200855E-02   0.886998E+04
   0.204913E-02   0.902309E+04
   0.209052E-02   0.917834E+04
   0.213276E-02   0.933572E+04
   0.217584E-02   0.949524E+04
   0.221979E-02   0.965691E+04
   0.226464E-02   0.982073E+04
   0.231039E-02   0.998671E+04
   0.235706E-02   0.101548E+05
   0.240467E-02   0.103251E+05
   0.245325E-02   0.104976E+05
   0.250281E-02   0.106722E+05
   0.255337E-02   0.108489E+05
   0.260495E-02   0.110278E+05
   0.265758E-02   0.112089E+05
   0.271126E-02   0.113921E+05
   0.276603E-02   0.115774E+05
   0.282191E-02   0.117648E+05
   0.287892E-02   0.119543E+05
   0.293708E-02   0.121459E+05
   0.299641E-02   0.123396E+05
   0.305694E-02   0.125353E+05
   0.311870E-02   0.127331E+05
   0.318170E-02   0.129328E+05
   0.324597E-02   0.131345E+05
   0.331155E-02   0.133383E+05
   0.337844E-02   0.135439E+05
   0.344669E-02   0.137515E+05
   0.351632E-02   0.139611E+05
   0.358735E-02   0.141725E+05
   0.365982E-02   0.143856E+05
   0.373376E-02   0.146003E+05
   0.380918E-02   0.148165E+05
   0.388613E-02   0.150341E+05
   0.396464E-02   0.152534E+05
   0.404473E-02   0.154745E+05
   0.412644E-02   0.156976E+05
   0.420980E-02   0.159232E+05
   0.429484E-02   0.161511E+05
   0.438160E-02   0.163802E+05
   0.447012E-02   0.166093E+05
   0.456042E-02   0.168372E+05
   0.465255E-02   0.170624E+05
   0.474653E-02   0.172844E+05
   0.484242E-02   0.175046E+05
   0.494024E-02   0.177246E+05
   0.504004E-02   0.179463E+05
   0.514186E-02   0.181716E+05
   0.524573E-02   0.184016E+05
   0.535170E-02   0.186351E+05
   0.545981E-02   0.188711E+05
   0.557011E-02   0.191082E+05
   0.568263E-02   0.193449E+05
   0.579743E-02   0.195804E+05
   0.591455E-02   0.198147E+05
   0.603403E-02   0.200482E+05
   0.615592E-02   0.202809E+05
   0.628028E-02   0.205132E+05
   0.640715E-02   0.207451E+05
   0.653658E-02   0.209764E+05
   0.666863E-02   0.212068E+05
   0.680335E-02   0.214361E+05
   0.694078E-02   0.216640E+05
   0.708100E-02   0.218903E+05
   0.722404E-02   0.221148E+05
   0.736998E-02   0.223374E+05
   0.751886E-02   0.225580E+05
   0.767075E-02   0.227763E+05
   0.782571E-02   0.229921E+05
   0.798380E-02   0.232053E+05
   0.814509E-02   0.234157E+05
   0.830963E-02   0.236231E+05
   0.847750E-02   0.238271E+05
   0.864875E-02   0.240276E+05
   0.882347E-02   0.242245E+05
   0.900171E-02   0.244173E+05
   0.918356E-02   0.246060E+05
   0.936908E-02   0.247902E+05
   0.955835E-02   0.249697E+05
   0.975144E-02   0.251444E+05
   0.994843E-02   0.253138E+05
   0.101494E-01   0.254778E+05
   0.103544E-01   0.256361E+05
   0.105636E-01   0.257884E+05
   0.107770E-01   0.259345E+05
   0.109947E-01   0.260739E+05
   0.112168E-01   0.262065E+05
   0.114434E-01   0.263319E+05
   0.116746E-01   0.264498E+05
   0.119104E-01   0.265600E+05
   0.121510E-01   0.266624E+05
   0.123965E-01   0.267568E+05
   0.126469E-01   0.268430E+05
   0.129024E-01   0.269205E+05
   0.131631E-01   0.269886E+05
   0.134290E-01   0.270467E+05
   0.137003E-01   0.270941E+05
   0.139770E-01   0.271302E+05
   0.142594E-01   0.271555E+05
   0.145474E-01   0.271712E+05
   0.148413E-01   0.271783E+05
   0.151411E-01   0.271779E+05
   0.154470E-01   0.271709E+05
   0.157590E-01   0.271563E+05
   0.160774E-01   0.271316E+05
   0.164022E-01   0.270946E+05
   0.167335E-01   0.270431E+05
   0.170716E-01   0.269751E+05
   0.174164E-01   0.268908E+05
   0.177683E-01   0.267916E+05
   0.181272E-01   0.266790E+05
   0.184934E-01   0.265541E+05
   0.188670E-01   0.264182E+05
   0.192481E-01   0.262705E+05
   0.196370E-01   0.261096E+05
   0.200337E-01   0.259342E+05
   0.204384E-01   0.257429E+05
   0.208513E-01   0.255347E+05
   0.212725E-01   0.253109E+05
   0.217022E-01   0.250730E+05
   0.221406E-01   0.248229E+05
   0.225879E-01   0.245621E+05
   0.230442E-01   0.242922E+05
   0.235097E-01   0.240136E+05
   0.239847E-01   0.237264E+05
   0.244692E-01   0.234307E+05
   0.249635E-01   0.231268E+05
   0.254678E-01   0.228147E+05
   0.259823E-01   0.224945E+05
   0.265072E-01   0.221660E+05
   0.270426E-01   0.218294E+05
   0.275889E-01   0.214846E+05
   0.281463E-01   0.211318E+05
   0.287149E-01   0.207721E+05
   0.292949E-01   0.204065E+05
   0.298867E-01   0.200361E+05
   0.304905E-01   0.196618E+05
   0.311064E-01   0.192848E+05
   0.317348E-01   0.189065E+05
   0.323759E-01   0.185284E+05
   0.330299E-01   0.181518E+05
   0.336972E-01   0.177779E+05
   0.343779E-01   0.174079E+05
   0.350724E-01   0.170428E+05
   0.357809E-01   0.166832E+05
   0.365038E-01   0.163301E+05
   0.372412E-01   0.159840E+05
   0.379935E-01   0.156457E+05
   0.387610E-01   0.153156E+05
   0.395440E-01   0.149943E+05
   0.403429E-01   0.146822E+05
   0.411579E-01   0.143796E+05
   0.419893E-01   0.140873E+05
   0.428375E-01   0.138061E+05
   0.437029E-01   0.135369E+05
   0.445858E-01   0.132807E+05
   0.454865E-01   0.130383E+05
   0.464053E-01   0.128095E+05
   0.473428E-01   0.125931E+05
   0.482992E-01   0.123881E+05
   0.492749E-01   0.121934E+05
   0.502703E-01   0.120080E+05
   0.512858E-01   0.118309E+05
   0.523219E-01   0.116612E+05
   0.533789E-01   0.114981E+05
   0.544572E-01   0.113408E+05
   0.555573E-01   0.111879E+05
   0.566796E-01   0.110385E+05
   0.578246E-01   0.108913E+05
   0.589927E-01   0.107451E+05
   0.601845E-01   0.105980E+05
   0.614003E-01   0.104483E+05
   0.626407E-01   0.102944E+05
   0.639061E-01   0.101338E+05
   0.651971E-01   0.996399E+04
   0.665142E-01   0.978306E+04
   0.678578E-01   0.959160E+04
   0.692287E-01   0.939171E+04
   0.706272E-01   0.918518E+04
   0.720539E-01   0.897019E+04
   0.735095E-01   0.874291E+04
   0.749945E-01   0.850065E+04
   0.765095E-01   0.824628E+04
   0.780551E-01   0.798484E+04
   0.796319E-01   0.772038E+04
   0.812406E-01   0.745495E+04
   0.828817E-01   0.719015E+04
   0.845561E-01   0.692822E+04
   0.862642E-01   0.667183E+04
   0.880068E-01   0.642347E+04
   0.897847E-01   0.618573E+04
   0.915985E-01   0.596084E+04
   0.934489E-01   0.575080E+04
   0.953367E-01   0.555744E+04
   0.972626E-01   0.538231E+04
   0.992274E-01   0.522603E+04
   0.101232E+00   0.508835E+04
   0.103277E+00   0.496880E+04
   0.105363E+00   0.486535E+04
   0.107492E+00   0.477565E+04
   0.109663E+00   0.469683E+04
   0.111879E+00   0.462536E+04
   0.114139E+00   0.455780E+04
   0.116445E+00   0.449059E+04
   0.118797E+00   0.442036E+04
   0.121197E+00   0.434419E+04
   0.123645E+00   0.425954E+04
   0.126143E+00   0.416479E+04
   0.128691E+00   0.405902E+04
   0.131291E+00   0.394244E+04
   0.133943E+00   0.381613E+04
   0.136649E+00   0.368217E+04
   0.139409E+00   0.354331E+04
   0.142226E+00   0.340311E+04
   0.145099E+00   0.326533E+04
   0.148030E+00   0.313408E+04
   0.151020E+00   0.301297E+04
   0.154071E+00   0.290483E+04
   0.157184E+00   0.281108E+04
   0.160359E+00   0.273177E+04
   0.163598E+00   0.266546E+04
   0.166903E+00   0.260992E+04
   0.170275E+00   0.256233E+04
   0.173715E+00   0.251953E+04
   0.177224E+00   0.247806E+04
   0.180804E+00   0.243422E+04
   0.184457E+00   0.238475E+04
   0.188183E+00   0.232755E+04
   0.191985E+00   0.226235E+04
   0.195863E+00   0.219074E+04
   0.199820E+00   0.211540E+04
   0.203856E+00   0.203943E+04
   0.207974E+00   0.196593E+04
   0.212176E+00   0.189777E+04
   0.216462E+00   0.183722E+04
   0.220835E+00   0.178532E+04
   0.225296E+00   0.174168E+04
   0.229847E+00   0.170462E+04
   0.234490E+00   0.167161E+04
   0.239227E+00   0.163979E+04
   0.244060E+00   0.160646E+04
   0.248990E+00   0.156975E+04
   0.254020E+00   0.152915E+04
   0.259152E+00   0.148555E+04
   0.264387E+00   0.144075E+04
   0.269728E+00   0.139688E+04
   0.275177E+00   0.135596E+04
   0.280736E+00   0.131936E+04
   0.286407E+00   0.128731E+04
   0.292193E+00   0.125899E+04
   0.298096E+00   0.123287E+04
   0.304118E+00   0.120726E+04
   0.310261E+00   0.118075E+04
   0.316529E+00   0.115276E+04
   0.322923E+00   0.112368E+04
   0.329447E+00   0.109456E+04
   0.336102E+00   0.106660E+04
   0.342892E+00   0.104068E+04
   0.349819E+00   0.101703E+04
   0.356885E+00   0.995209E+03
   0.364095E+00   0.974395E+03
   0.371450E+00   0.953766E+03
   0.378954E+00   0.932832E+03
   0.386609E+00   0.911677E+03
   0.394419E+00   0.890835E+03
   0.402387E+00   0.870818E+03
   0.410516E+00   0.851919E+03
   0.418809E+00   0.834111E+03
   0.427269E+00   0.817004E+03
   0.435901E+00   0.800219E+03
   0.444706E+00   0.783571E+03
   0.453690E+00   0.767099E+03
   0.462855E+00   0.751057E+03
   0.472206E+00   0.735624E+03
   0.481745E+00   0.720799E+03
   0.491477E+00   0.706467E+03
   0.501405E+00   0.692445E+03
   0.511534E+00   0.678660E+03
   0.521868E+00   0.665161E+03
   0.532411E+00   0.652019E+03
   0.543166E+00   0.639281E+03
   0.554139E+00   0.626895E+03
   0.565333E+00   0.614793E+03
   0.576753E+00   0.602931E+03
   0.588404E+00   0.591326E+03
   0.600291E+00   0.579997E+03
   0.612418E+00   0.568939E+03
   0.624789E+00   0.558133E+03
   0.637411E+00   0.547561E+03
   0.650288E+00   0.537209E+03
   0.663424E+00   0.527069E+03
   0.676826E+00   0.517132E+03
   0.690499E+00   0.507392E+03
   0.704448E+00   0.497840E+03
   0.718679E+00   0.488469E+03
   0.733197E+00   0.479273E+03
   0.748009E+00   0.470245E+03
   0.763119E+00   0.461379E+03
   0.778536E+00   0.452670E+03
   0.794263E+00   0.444111E+03
   0.810308E+00   0.435697E+03
   0.826677E+00   0.427424E+03
   0.843378E+00   0.419286E+03
   0.860415E+00   0.411280E+03
   0.877797E+00   0.403399E+03
   0.895529E+00   0.395642E+03
   0.913620E+00   0.388003E+03
   0.932076E+00   0.380479E+03
   0.950906E+00   0.373068E+03
   0.970115E+00   0.365765E+03
   0.989713E+00   0.358568E+03
   0.100971E+01   0.351474E+03
   0.103010E+01   0.344481E+03
   0.105091E+01   0.337586E+03
   0.107214E+01   0.330786E+03
   0.109380E+01   0.324080E+03
   0.111590E+01   0.317465E+03
   0.113844E+01   0.310939E+03
   0.116144E+01   0.304501E+03
   0.118490E+01   0.298149E+03
   0.120884E+01   0.291880E+03
   0.123326E+01   0.285695E+03
   0.125817E+01   0.279591E+03
   0.128359E+01   0.273567E+03
   0.130952E+01   0.267623E+03
   0.133597E+01   0.261759E+03
   0.136296E+01   0.255973E+03
   0.139049E+01   0.250265E+03
   0.141858E+01   0.244634E+03
   0.144724E+01   0.239080E+03
   0.147648E+01   0.233603E+03
   0.150630E+01   0.228201E+03
   0.153673E+01   0.222875E+03
   0.156778E+01   0.217623E+03
   0.159945E+01   0.212447E+03
   0.163176E+01   0.207345E+03
   0.166472E+01   0.202317E+03
   0.169835E+01   0.197363E+03
   0.173266E+01   0.192482E+03
   0.176766E+01   0.187675E+03
   0.180337E+01   0.182942E+03
   0.183980E+01   0.178283E+03
   0.187697E+01   0.173698E+03
   0.191489E+01   0.169189E+03
   0.195357E+01   0.164754E+03
   0.199304E+01   0.160394E+03
   0.203330E+01   0.156109E+03
   0.207437E+01   0.151899E+03
   0.211628E+01   0.147764E+03
   0.215903E+01   0.143703E+03
   0.220265E+01   0.139718E+03
   0.224714E+01   0.135807E+03
   0.229254E+01   0.131970E+03
   0.233885E+01   0.128208E+03
   0.238610E+01   0.124519E+03
   0.243430E+01   0.120905E+03
   0.248348E+01   0.117363E+03
   0.253365E+01   0.113896E+03
   0.258483E+01   0.110501E+03
   0.263704E+01   0.107180E+03
   0.269032E+01   0.103932E+03
   0.274466E+01   0.100757E+03
   0.280011E+01   0.976535E+02
   0.285668E+01   0.946221E+02
   0.291439E+01   0.916621E+02
   0.297326E+01   0.887727E+02
   0.303332E+01   0.859534E+02
   0.309460E+01   0.832035E+02
   0.315712E+01   0.805222E+02
   0.322090E+01   0.779089E+02
   0.328596E+01   0.753626E+02
   0.335234E+01   0.728826E+02
   0.342006E+01   0.704680E+02
   0.348916E+01   0.681178E+02
   0.355964E+01   0.658313E+02
   0.363155E+01   0.636075E+02
   0.370491E+01   0.614454E+02
   0.377976E+01   0.593440E+02
   0.385611E+01   0.573023E+02
   0.393401E+01   0.553193E+02
   0.401348E+01   0.533940E+02
   0.409456E+01   0.515252E+02
   0.417727E+01   0.497119E+02
   0.426166E+01   0.479530E+02
   0.434775E+01   0.462473E+02
   0.443558E+01   0.445939E+02
   0.452519E+01   0.429915E+02
   0.461660E+01   0.414390E+02
   0.470987E+01   0.399354E+02
   0.480501E+01   0.384795E+02
   0.490208E+01   0.370702E+02
   0.500111E+01   0.357063E+02
   0.510214E+01   0.343868E+02
   0.520521E+01   0.331105E+02
   0.531036E+01   0.318764E+02
   0.541763E+01   0.306833E+02
   0.552708E+01   0.295303E+02
   0.563873E+01   0.284162E+02
   0.575264E+01   0.273399E+02
   0.586885E+01   0.263005E+02
   0.598741E+01   0.252969E+02
   0.610836E+01   0.243281E+02
   0.623176E+01   0.233932E+02
   0.635765E+01   0.224911E+02
   0.648609E+01   0.216208E+02
   0.661711E+01   0.207815E+02
   0.675079E+01   0.199722E+02
   0.688716E+01   0.191920E+02
   0.702629E+01   0.184399E+02
   0.716823E+01   0.177152E+02
   0.731304E+01   0.170169E+02
   0.746077E+01   0.163442E+02
   0.761149E+01   0.156963E+02
   0.776525E+01   0.150724E+02
   0.792212E+01   0.144717E+02
   0.808217E+01   0.138934E+02
   0.824543E+01   0.133368E+02
   0.841200E+01   0.128012E+02
   0.858193E+01   0.122858E+02
   0.875530E+01   0.117901E+02
   0.893217E+01   0.113132E+02
   0.911261E+01   0.108546E+02
   0.929670E+01   0.104137E+02
   0.948451E+01   0.998972E+01
   0.967610E+01   0.958219E+01
   0.987158E+01   0.919050E+01
   0.100710E+02   0.881407E+01
   0.102744E+02   0.845236E+01
   0.104820E+02   0.810485E+01
   0.106938E+02   0.777101E+01
   0.109098E+02   0.745036E+01
   0.111302E+02   0.714240E+01
   0.113550E+02   0.684667E+01
   0.115844E+02   0.656273E+01
   0.118184E+02   0.629012E+01
   0.120572E+02   0.602844E+01
   0.123007E+02   0.577726E+01
   0.125492E+02   0.553621E+01
   0.128027E+02   0.530488E+01
   0.130614E+02   0.508292E+01
   0.133252E+02   0.486995E+01
   0.135944E+02   0.466564E+01
   0.138691E+02   0.446963E+01
   0.141492E+02   0.428162E+01
   0.144351E+02   0.410128E+01
   0.147267E+02   0.392832E+01
   0.150242E+02   0.376245E+01
   0.153277E+02   0.360338E+01
   0.156373E+02   0.345086E+01
   0.159532E+02   0.330461E+01
   0.162755E+02   0.316440E+01
   0.166043E+02   0.302998E+01
   0.169397E+02   0.290112E+01
   0.172819E+02   0.277760E+01
   0.176310E+02   0.265921E+01
   0.179872E+02   0.254574E+01
   0.183505E+02   0.243700E+01
   0.187212E+02   0.233281E+01
   0.190994E+02   0.223298E+01
   0.194853E+02   0.213734E+01
   0.198789E+02   0.204573E+01
   0.202805E+02   0.195798E+01
   0.206902E+02   0.187394E+01
   0.211081E+02   0.179347E+01
   0.215346E+02   0.171641E+01
   0.219696E+02   0.164263E+01
   0.224134E+02   0.157199E+01
   0.228662E+02   0.150438E+01
   0.233281E+02   0.143965E+01
   0.237994E+02   0.137770E+01
   0.242802E+02   0.131841E+01
