#           k/h    P           
   0.100000E-03   0.205049E+03
   0.102020E-03   0.209021E+03
   0.104081E-03   0.213071E+03
   0.106184E-03   0.217199E+03
   0.108329E-03   0.221407E+03
   0.110517E-03   0.225696E+03
   0.112750E-03   0.230069E+03
   0.115027E-03   0.234526E+03
   0.117351E-03   0.239069E+03
   0.119722E-03   0.243700E+03
   0.122140E-03   0.248420E+03
   0.124608E-03   0.253232E+03
   0.127125E-03   0.258137E+03
   0.129693E-03   0.263137E+03
   0.132313E-03   0.268233E+03
   0.134986E-03   0.273428E+03
   0.137713E-03   0.278724E+03
   0.140495E-03   0.284121E+03
   0.143333E-03   0.289623E+03
   0.146228E-03   0.295232E+03
   0.149182E-03   0.300948E+03
   0.152196E-03   0.306775E+03
   0.155271E-03   0.312715E+03
   0.158407E-03   0.318769E+03
   0.161607E-03   0.324940E+03
   0.164872E-03   0.331230E+03
   0.168203E-03   0.337642E+03
   0.171601E-03   0.344177E+03
   0.175067E-03   0.350839E+03
   0.178604E-03   0.357629E+03
   0.182212E-03   0.364550E+03
   0.185893E-03   0.371604E+03
   0.189648E-03   0.378795E+03
   0.193479E-03   0.386124E+03
   0.197388E-03   0.393594E+03
   0.201375E-03   0.401208E+03
   0.205443E-03   0.408969E+03
   0.209594E-03   0.416879E+03
   0.213828E-03   0.424941E+03
   0.218147E-03   0.433159E+03
   0.222554E-03   0.441534E+03
   0.227050E-03   0.450071E+03
   0.231637E-03   0.458772E+03
   0.236316E-03   0.467640E+03
   0.241090E-03   0.476679E+03
   0.245960E-03   0.485891E+03
   0.250929E-03   0.495280E+03
   0.255998E-03   0.504849E+03
   0.261170E-03   0.514602E+03
   0.266446E-03   0.524541E+03
   0.271828E-03   0.534672E+03
   0.277319E-03   0.544996E+03
   0.282922E-03   0.555518E+03
   0.288637E-03   0.566242E+03
   0.294468E-03   0.577171E+03
   0.300417E-03   0.588308E+03
   0.306485E-03   0.599659E+03
   0.312677E-03   0.611226E+03
   0.318993E-03   0.623015E+03
   0.325437E-03   0.635028E+03
   0.332012E-03   0.647270E+03
   0.338719E-03   0.659746E+03
   0.345561E-03   0.672459E+03
   0.352542E-03   0.685414E+03
   0.359664E-03   0.698615E+03
   0.366930E-03   0.712068E+03
   0.374342E-03   0.725776E+03
   0.381904E-03   0.739743E+03
   0.389619E-03   0.753976E+03
   0.397490E-03   0.768479E+03
   0.405520E-03   0.783255E+03
   0.413712E-03   0.798312E+03
   0.422070E-03   0.813652E+03
   0.430596E-03   0.829283E+03
   0.439295E-03   0.845208E+03
   0.448169E-03   0.861432E+03
   0.457222E-03   0.877963E+03
   0.466459E-03   0.894804E+03
   0.475882E-03   0.911961E+03
   0.485496E-03   0.929440E+03
   0.495303E-03   0.947246E+03
   0.505309E-03   0.965385E+03
   0.515517E-03   0.983863E+03
   0.525931E-03   0.100269E+04
   0.536556E-03   0.102186E+04
   0.547395E-03   0.104139E+04
   0.558453E-03   0.106128E+04
   0.569734E-03   0.108155E+04
   0.581244E-03   0.110218E+04
   0.592986E-03   0.112320E+04
   0.604965E-03   0.114461E+04
   0.617186E-03   0.116641E+04
   0.629654E-03   0.118861E+04
   0.642374E-03   0.121122E+04
   0.655350E-03   0.123425E+04
   0.668589E-03   0.125770E+04
   0.682096E-03   0.128157E+04
   0.695875E-03   0.130588E+04
   0.709933E-03   0.133063E+04
   0.724274E-03   0.135584E+04
   0.738906E-03   0.138149E+04
   0.753832E-03   0.140761E+04
   0.769061E-03   0.143421E+04
   0.784597E-03   0.146128E+04
   0.800447E-03   0.148883E+04
   0.816617E-03   0.151688E+04
   0.833114E-03   0.154543E+04
   0.849944E-03   0.157449E+04
   0.867114E-03   0.160407E+04
   0.884631E-03   0.163417E+04
   0.902501E-03   0.166480E+04
   0.920733E-03   0.169597E+04
   0.939333E-03   0.172768E+04
   0.958309E-03   0.175996E+04
   0.977668E-03   0.179279E+04
   0.997418E-03   0.182620E+04
   0.101757E-02   0.186018E+04
   0.103812E-02   0.189476E+04
   0.105910E-02   0.192992E+04
   0.108049E-02   0.196569E+04
   0.110232E-02   0.200208E+04
   0.112459E-02   0.203908E+04
   0.114730E-02   0.207671E+04
   0.117048E-02   0.211497E+04
   0.119413E-02   0.215388E+04
   0.121825E-02   0.219344E+04
   0.124286E-02   0.223365E+04
   0.126797E-02   0.227454E+04
   0.129358E-02   0.231610E+04
   0.131971E-02   0.235834E+04
   0.134637E-02   0.240127E+04
   0.137357E-02   0.244490E+04
   0.140132E-02   0.248924E+04
   0.142963E-02   0.253429E+04
   0.145851E-02   0.258006E+04
   0.148797E-02   0.262656E+04
   0.151803E-02   0.267379E+04
   0.154870E-02   0.272177E+04
   0.157998E-02   0.277049E+04
   0.161190E-02   0.281997E+04
   0.164446E-02   0.287021E+04
   0.167768E-02   0.292122E+04
   0.171158E-02   0.297300E+04
   0.174615E-02   0.302556E+04
   0.178143E-02   0.307891E+04
   0.181741E-02   0.313304E+04
   0.185413E-02   0.318798E+04
   0.189158E-02   0.324371E+04
   0.192980E-02   0.330025E+04
   0.196878E-02   0.335760E+04
   0.200855E-02   0.341576E+04
   0.204913E-02   0.347473E+04
   0.209052E-02   0.353453E+04
   0.213276E-02   0.359515E+04
   0.217584E-02   0.365660E+04
   0.221979E-02   0.371887E+04
   0.226464E-02   0.378198E+04
   0.231039E-02   0.384591E+04
   0.235706E-02   0.391068E+04
   0.240467E-02   0.397627E+04
   0.245325E-02   0.404270E+04
   0.250281E-02   0.410996E+04
   0.255337E-02   0.417805E+04
   0.260495E-02   0.424696E+04
   0.265758E-02   0.431671E+04
   0.271126E-02   0.438727E+04
   0.276603E-02   0.445865E+04
   0.282191E-02   0.453085E+04
   0.287892E-02   0.460386E+04
   0.293708E-02   0.467767E+04
   0.299641E-02   0.475229E+04
   0.305694E-02   0.482769E+04
   0.311870E-02   0.490387E+04
   0.318170E-02   0.498083E+04
   0.324597E-02   0.505855E+04
   0.331155E-02   0.513704E+04
   0.337844E-02   0.521627E+04
   0.344669E-02   0.529624E+04
   0.351632E-02   0.537695E+04
   0.358735E-02   0.545836E+04
   0.365982E-02   0.554045E+04
   0.373376E-02   0.562319E+04
   0.380918E-02   0.570657E+04
   0.388613E-02   0.579055E+04
   0.396464E-02   0.587515E+04
   0.404473E-02   0.596040E+04
   0.412644E-02   0.604631E+04
   0.420980E-02   0.613292E+04
   0.429484E-02   0.622020E+04
   0.438160E-02   0.630798E+04
   0.447012E-02   0.639607E+04
   0.456042E-02   0.648425E+04
   0.465255E-02   0.657230E+04
   0.474653E-02   0.666013E+04
   0.484242E-02   0.674791E+04
   0.494024E-02   0.683589E+04
   0.504004E-02   0.692430E+04
   0.514186E-02   0.701343E+04
   0.524573E-02   0.710338E+04
   0.535170E-02   0.719400E+04
   0.545981E-02   0.728506E+04
   0.557011E-02   0.737633E+04
   0.568263E-02   0.746758E+04
   0.579743E-02   0.755864E+04
   0.591455E-02   0.764949E+04
   0.603403E-02   0.774014E+04
   0.615592E-02   0.783060E+04
   0.628028E-02   0.792087E+04
   0.640715E-02   0.801093E+04
   0.653658E-02   0.810072E+04
   0.666863E-02   0.819015E+04
   0.680335E-02   0.827916E+04
   0.694078E-02   0.836766E+04
   0.708100E-02   0.845558E+04
   0.722404E-02   0.854285E+04
   0.736998E-02   0.862941E+04
   0.751886E-02   0.871519E+04
   0.767075E-02   0.880013E+04
   0.782571E-02   0.888415E+04
   0.798380E-02   0.896717E+04
   0.814509E-02   0.904911E+04
   0.830963E-02   0.912989E+04
   0.847750E-02   0.920943E+04
   0.864875E-02   0.928765E+04
   0.882347E-02   0.936445E+04
   0.900171E-02   0.943974E+04
   0.918356E-02   0.951344E+04
   0.936908E-02   0.958545E+04
   0.955835E-02   0.965567E+04
   0.975144E-02   0.972402E+04
   0.994843E-02   0.979040E+04
   0.101494E-01   0.985469E+04
   0.103544E-01   0.991681E+04
   0.105636E-01   0.997665E+04
   0.107770E-01   0.100341E+05
   0.109947E-01   0.100890E+05
   0.112168E-01   0.101413E+05
   0.114434E-01   0.101908E+05
   0.116746E-01   0.102374E+05
   0.119104E-01   0.102811E+05
   0.121510E-01   0.103219E+05
   0.123965E-01   0.103595E+05
   0.126469E-01   0.103940E+05
   0.129024E-01   0.104251E+05
   0.131631E-01   0.104527E+05
   0.134290E-01   0.104763E+05
   0.137003E-01   0.104959E+05
   0.139770E-01   0.105111E+05
   0.142594E-01   0.105222E+05
   0.145474E-01   0.105296E+05
   0.148413E-01   0.105336E+05
   0.151411E-01   0.105348E+05
   0.154470E-01   0.105334E+05
   0.157590E-01   0.105291E+05
   0.160774E-01   0.105210E+05
   0.164022E-01   0.105080E+05
   0.167335E-01   0.104895E+05
   0.170716E-01   0.104645E+05
   0.174164E-01   0.104333E+05
   0.177683E-01   0.103963E+05
   0.181272E-01   0.103541E+05
   0.184934E-01   0.103072E+05
   0.188670E-01   0.102560E+05
   0.192481E-01   0.102002E+05
   0.196370E-01   0.101393E+05
   0.200337E-01   0.100727E+05
   0.204384E-01   0.999998E+04
   0.208513E-01   0.992073E+04
   0.212725E-01   0.983536E+04
   0.217022E-01   0.974453E+04
   0.221406E-01   0.964891E+04
   0.225879E-01   0.954916E+04
   0.230442E-01   0.944583E+04
   0.235097E-01   0.933910E+04
   0.239847E-01   0.922900E+04
   0.244692E-01   0.911559E+04
   0.249635E-01   0.899894E+04
   0.254678E-01   0.887908E+04
   0.259823E-01   0.875602E+04
   0.265072E-01   0.862973E+04
   0.270426E-01   0.850020E+04
   0.275889E-01   0.836746E+04
   0.281463E-01   0.823158E+04
   0.287149E-01   0.809294E+04
   0.292949E-01   0.795195E+04
   0.298867E-01   0.780902E+04
   0.304905E-01   0.766456E+04
   0.311064E-01   0.751897E+04
   0.317348E-01   0.737282E+04
   0.323759E-01   0.722666E+04
   0.330299E-01   0.708103E+04
   0.336972E-01   0.693641E+04
   0.343779E-01   0.679324E+04
   0.350724E-01   0.665188E+04
   0.357809E-01   0.651265E+04
   0.365038E-01   0.637585E+04
   0.372412E-01   0.624175E+04
   0.379935E-01   0.611060E+04
   0.387610E-01   0.598260E+04
   0.395440E-01   0.585796E+04
   0.403429E-01   0.573685E+04
   0.411579E-01   0.561942E+04
   0.419893E-01   0.550589E+04
   0.428375E-01   0.539665E+04
   0.437029E-01   0.529208E+04
   0.445858E-01   0.519251E+04
   0.454865E-01   0.509826E+04
   0.464053E-01   0.500928E+04
   0.473428E-01   0.492511E+04
   0.482992E-01   0.484533E+04
   0.492749E-01   0.476952E+04
   0.502703E-01   0.469729E+04
   0.512858E-01   0.462826E+04
   0.523219E-01   0.456209E+04
   0.533789E-01   0.449843E+04
   0.544572E-01   0.443694E+04
   0.555573E-01   0.437717E+04
   0.566796E-01   0.431866E+04
   0.578246E-01   0.426098E+04
   0.589927E-01   0.420359E+04
   0.601845E-01   0.414579E+04
   0.614003E-01   0.408692E+04
   0.626407E-01   0.402628E+04
   0.639061E-01   0.396294E+04
   0.651971E-01   0.389593E+04
   0.665142E-01   0.382447E+04
   0.678578E-01   0.374878E+04
   0.692287E-01   0.366972E+04
   0.706272E-01   0.358797E+04
   0.720539E-01   0.350283E+04
   0.735095E-01   0.341279E+04
   0.749945E-01   0.331680E+04
   0.765095E-01   0.321598E+04
   0.780551E-01   0.311232E+04
   0.796319E-01   0.300741E+04
   0.812406E-01   0.290206E+04
   0.828817E-01   0.279689E+04
   0.845561E-01   0.269280E+04
   0.862642E-01   0.259082E+04
   0.880068E-01   0.249196E+04
   0.897847E-01   0.239722E+04
   0.915985E-01   0.230749E+04
   0.934489E-01   0.222357E+04
   0.953367E-01   0.214618E+04
   0.972626E-01   0.207594E+04
   0.992274E-01   0.201310E+04
   0.101232E+00   0.195757E+04
   0.103277E+00   0.190916E+04
   0.105363E+00   0.186708E+04
   0.107492E+00   0.183039E+04
   0.109663E+00   0.179796E+04
   0.111879E+00   0.176840E+04
   0.114139E+00   0.174035E+04
   0.116445E+00   0.171241E+04
   0.118797E+00   0.168326E+04
   0.121197E+00   0.165176E+04
   0.123645E+00   0.161693E+04
   0.126143E+00   0.157814E+04
   0.128691E+00   0.153504E+04
   0.131291E+00   0.148773E+04
   0.133943E+00   0.143662E+04
   0.136649E+00   0.138255E+04
   0.139409E+00   0.132658E+04
   0.142226E+00   0.127009E+04
   0.145099E+00   0.121458E+04
   0.148030E+00   0.116163E+04
   0.151020E+00   0.111267E+04
   0.154071E+00   0.106883E+04
   0.157184E+00   0.103067E+04
   0.160359E+00   0.998204E+03
   0.163598E+00   0.970882E+03
   0.166903E+00   0.947822E+03
   0.170275E+00   0.927910E+03
   0.173715E+00   0.909897E+03
   0.177224E+00   0.892428E+03
   0.180804E+00   0.874053E+03
   0.184457E+00   0.853506E+03
   0.188183E+00   0.829971E+03
   0.191985E+00   0.803344E+03
   0.195863E+00   0.774250E+03
   0.199820E+00   0.743728E+03
   0.203856E+00   0.712985E+03
   0.207974E+00   0.683234E+03
   0.212176E+00   0.655608E+03
   0.216462E+00   0.630994E+03
   0.220835E+00   0.609821E+03
   0.225296E+00   0.591942E+03
   0.229847E+00   0.576690E+03
   0.234490E+00   0.563072E+03
   0.239227E+00   0.549960E+03
   0.244060E+00   0.536291E+03
   0.248990E+00   0.521323E+03
   0.254020E+00   0.504858E+03
   0.259152E+00   0.487241E+03
   0.264387E+00   0.469171E+03
   0.269728E+00   0.451490E+03
   0.275177E+00   0.435001E+03
   0.280736E+00   0.420250E+03
   0.286407E+00   0.407347E+03
   0.292193E+00   0.395960E+03
   0.298096E+00   0.385487E+03
   0.304118E+00   0.375247E+03
   0.310261E+00   0.364678E+03
   0.316529E+00   0.353539E+03
   0.322923E+00   0.341981E+03
   0.329447E+00   0.330427E+03
   0.336102E+00   0.319360E+03
   0.342892E+00   0.309134E+03
   0.349819E+00   0.299852E+03
   0.356885E+00   0.291342E+03
   0.364095E+00   0.283266E+03
   0.371450E+00   0.275287E+03
   0.378954E+00   0.267200E+03
   0.386609E+00   0.259036E+03
   0.394419E+00   0.251013E+03
   0.402387E+00   0.243345E+03
   0.410516E+00   0.236158E+03
   0.418809E+00   0.229444E+03
   0.427269E+00   0.223040E+03
   0.435901E+00   0.216786E+03
   0.444706E+00   0.210600E+03
   0.453690E+00   0.204497E+03
   0.462855E+00   0.198586E+03
   0.472206E+00   0.192947E+03
   0.481745E+00   0.187580E+03
   0.491477E+00   0.182438E+03
   0.501405E+00   0.177438E+03
   0.511534E+00   0.172548E+03
   0.521868E+00   0.167789E+03
   0.532411E+00   0.163194E+03
   0.543166E+00   0.158785E+03
   0.554139E+00   0.154540E+03
   0.565333E+00   0.150426E+03
   0.576753E+00   0.146424E+03
   0.588404E+00   0.142543E+03
   0.600291E+00   0.138791E+03
   0.612418E+00   0.135166E+03
   0.624789E+00   0.131661E+03
   0.637411E+00   0.128266E+03
   0.650288E+00   0.124976E+03
   0.663424E+00   0.121787E+03
   0.676826E+00   0.118695E+03
   0.690499E+00   0.115696E+03
   0.704448E+00   0.112787E+03
   0.718679E+00   0.109964E+03
   0.733197E+00   0.107225E+03
   0.748009E+00   0.104565E+03
   0.763119E+00   0.101983E+03
   0.778536E+00   0.994761E+02
   0.794263E+00   0.970404E+02
   0.810308E+00   0.946740E+02
   0.826677E+00   0.923744E+02
   0.843378E+00   0.901391E+02
   0.860415E+00   0.879659E+02
   0.877797E+00   0.858526E+02
   0.895529E+00   0.837971E+02
   0.913620E+00   0.817973E+02
   0.932076E+00   0.798510E+02
   0.950906E+00   0.779563E+02
   0.970115E+00   0.761111E+02
   0.989713E+00   0.743137E+02
   0.100971E+01   0.725624E+02
   0.103010E+01   0.708554E+02
   0.105091E+01   0.691911E+02
   0.107214E+01   0.675681E+02
   0.109380E+01   0.659848E+02
   0.111590E+01   0.644399E+02
   0.113844E+01   0.629320E+02
   0.116144E+01   0.614600E+02
   0.118490E+01   0.600225E+02
   0.120884E+01   0.586184E+02
   0.123326E+01   0.572466E+02
   0.125817E+01   0.559060E+02
   0.128359E+01   0.545957E+02
   0.130952E+01   0.533148E+02
   0.133597E+01   0.520623E+02
   0.136296E+01   0.508374E+02
   0.139049E+01   0.496394E+02
   0.141858E+01   0.484673E+02
   0.144724E+01   0.473205E+02
   0.147648E+01   0.461982E+02
   0.150630E+01   0.450998E+02
   0.153673E+01   0.440245E+02
   0.156778E+01   0.429719E+02
   0.159945E+01   0.419412E+02
   0.163176E+01   0.409318E+02
   0.166472E+01   0.399433E+02
   0.169835E+01   0.389751E+02
   0.173266E+01   0.380266E+02
   0.176766E+01   0.370975E+02
   0.180337E+01   0.361872E+02
   0.183980E+01   0.352954E+02
   0.187697E+01   0.344217E+02
   0.191489E+01   0.335657E+02
   0.195357E+01   0.327270E+02
   0.199304E+01   0.319052E+02
   0.203330E+01   0.311001E+02
   0.207437E+01   0.303112E+02
   0.211628E+01   0.295383E+02
   0.215903E+01   0.287811E+02
   0.220265E+01   0.280391E+02
   0.224714E+01   0.273123E+02
   0.229254E+01   0.266002E+02
   0.233885E+01   0.259026E+02
   0.238610E+01   0.252193E+02
   0.243430E+01   0.245499E+02
   0.248348E+01   0.238943E+02
   0.253365E+01   0.232522E+02
   0.258483E+01   0.226235E+02
   0.263704E+01   0.220079E+02
   0.269032E+01   0.214052E+02
   0.274466E+01   0.208153E+02
   0.280011E+01   0.202379E+02
   0.285668E+01   0.196729E+02
   0.291439E+01   0.191200E+02
   0.297326E+01   0.185791E+02
   0.303332E+01   0.180500E+02
   0.309460E+01   0.175325E+02
   0.315712E+01   0.170264E+02
   0.322090E+01   0.165316E+02
   0.328596E+01   0.160479E+02
   0.335234E+01   0.155751E+02
   0.342006E+01   0.151131E+02
   0.348916E+01   0.146617E+02
   0.355964E+01   0.142207E+02
   0.363155E+01   0.137901E+02
   0.370491E+01   0.133696E+02
   0.377976E+01   0.129591E+02
   0.385611E+01   0.125585E+02
   0.393401E+01   0.121676E+02
   0.401348E+01   0.117862E+02
   0.409456E+01   0.114143E+02
   0.417727E+01   0.110517E+02
   0.426166E+01   0.106981E+02
   0.434775E+01   0.103536E+02
   0.443558E+01   0.100178E+02
   0.452519E+01   0.969074E+01
   0.461660E+01   0.937218E+01
   0.470987E+01   0.906200E+01
   0.480501E+01   0.876005E+01
   0.490208E+01   0.846621E+01
   0.500111E+01   0.818036E+01
   0.510214E+01   0.790235E+01
   0.520521E+01   0.763205E+01
   0.531036E+01   0.736933E+01
   0.541763E+01   0.711405E+01
   0.552708E+01   0.686608E+01
   0.563873E+01   0.662527E+01
   0.575264E+01   0.639149E+01
   0.586885E+01   0.616459E+01
   0.598741E+01   0.594444E+01
   0.610836E+01   0.573090E+01
   0.623176E+01   0.552382E+01
   0.635765E+01   0.532307E+01
   0.648609E+01   0.512851E+01
   0.661711E+01   0.494000E+01
   0.675079E+01   0.475741E+01
   0.688716E+01   0.458061E+01
   0.702629E+01   0.440947E+01
   0.716823E+01   0.424385E+01
   0.731304E+01   0.408363E+01
   0.746077E+01   0.392867E+01
   0.761149E+01   0.377885E+01
   0.776525E+01   0.363404E+01
   0.792212E+01   0.349411E+01
   0.808217E+01   0.335893E+01
   0.824543E+01   0.322838E+01
   0.841200E+01   0.310234E+01
   0.858193E+01   0.298067E+01
   0.875530E+01   0.286327E+01
   0.893217E+01   0.275001E+01
   0.911261E+01   0.264077E+01
   0.929670E+01   0.253544E+01
   0.948451E+01   0.243390E+01
   0.967610E+01   0.233605E+01
   0.987158E+01   0.224176E+01
   0.100710E+02   0.215095E+01
   0.102744E+02   0.206349E+01
   0.104820E+02   0.197928E+01
   0.106938E+02   0.189823E+01
   0.109098E+02   0.182024E+01
   0.111302E+02   0.174519E+01
   0.113550E+02   0.167301E+01
   0.115844E+02   0.160359E+01
   0.118184E+02   0.153685E+01
   0.120572E+02   0.147270E+01
   0.123007E+02   0.141104E+01
   0.125492E+02   0.135179E+01
   0.128027E+02   0.129488E+01
   0.130614E+02   0.124021E+01
   0.133252E+02   0.118771E+01
   0.135944E+02   0.113730E+01
   0.138691E+02   0.108890E+01
   0.141492E+02   0.104244E+01
   0.144351E+02   0.997847E+00
   0.147267E+02   0.955055E+00
   0.150242E+02   0.913997E+00
   0.153277E+02   0.874607E+00
   0.156373E+02   0.836824E+00
   0.159532E+02   0.800585E+00
   0.162755E+02   0.765834E+00
   0.166043E+02   0.732514E+00
   0.169397E+02   0.700570E+00
   0.172819E+02   0.669949E+00
   0.176310E+02   0.640601E+00
   0.179872E+02   0.612477E+00
   0.183505E+02   0.585531E+00
   0.187212E+02   0.559721E+00
   0.190994E+02   0.535004E+00
   0.194853E+02   0.511338E+00
   0.198789E+02   0.488685E+00
   0.202805E+02   0.467004E+00
   0.206902E+02   0.446259E+00
   0.211081E+02   0.426413E+00
   0.215346E+02   0.407430E+00
   0.219696E+02   0.389277E+00
   0.224134E+02   0.371919E+00
   0.228662E+02   0.355325E+00
   0.233281E+02   0.339464E+00
   0.237994E+02   0.324305E+00
   0.242802E+02   0.309820E+00
