#          k/h    CDM            baryon         photon         nu             mass_nu        total          no_nu          total_de       Weyl           v_CDM          v_b            v_b-v_c     
   0.994668E-05   0.158349E+08   0.158349E+08   0.211051E+08   0.211048E+08   0.158377E+08   0.158349E+08   0.158349E+08   0.158433E+08  -0.536735E+00   0.115431E+08   0.115431E+08   0.854682E+01
   0.109829E-04   0.158348E+08   0.158348E+08   0.211033E+08   0.211030E+08   0.158377E+08   0.158349E+08   0.158348E+08   0.158433E+08  -0.536735E+00   0.115431E+08   0.115431E+08   0.943695E+01
   0.121270E-04   0.158348E+08   0.158348E+08   0.211011E+08   0.211007E+08   0.158377E+08   0.158349E+08   0.158348E+08   0.158433E+08  -0.536734E+00   0.115431E+08   0.115431E+08   0.104197E+02
   0.133904E-04   0.158348E+08   0.158348E+08   0.210985E+08   0.210980E+08   0.158377E+08   0.158349E+08   0.158348E+08   0.158433E+08  -0.536734E+00   0.115431E+08   0.115431E+08   0.115048E+02
   0.147853E-04   0.158348E+08   0.158348E+08   0.210953E+08   0.210947E+08   0.158377E+08   0.158348E+08   0.158348E+08   0.158433E+08  -0.536734E+00   0.115431E+08   0.115431E+08   0.127027E+02
   0.163256E-04   0.158348E+08   0.158348E+08   0.210913E+08   0.210906E+08   0.158376E+08   0.158348E+08   0.158348E+08   0.158433E+08  -0.536733E+00   0.115431E+08   0.115431E+08   0.140252E+02
   0.180263E-04   0.158348E+08   0.158348E+08   0.210866E+08   0.210857E+08   0.158376E+08   0.158348E+08   0.158348E+08   0.158433E+08  -0.536733E+00   0.115431E+08   0.115431E+08   0.154852E+02
   0.199043E-04   0.158348E+08   0.158348E+08   0.210807E+08   0.210796E+08   0.158376E+08   0.158348E+08   0.158348E+08   0.158433E+08  -0.536732E+00   0.115431E+08   0.115431E+08   0.170970E+02
   0.219778E-04   0.158348E+08   0.158348E+08   0.210736E+08   0.210723E+08   0.158375E+08   0.158348E+08   0.158348E+08   0.158432E+08  -0.536731E+00   0.115431E+08   0.115431E+08   0.188761E+02
   0.242674E-04   0.158348E+08   0.158347E+08   0.210650E+08   0.210633E+08   0.158375E+08   0.158348E+08   0.158348E+08   0.158432E+08  -0.536730E+00   0.115431E+08   0.115430E+08   0.208399E+02
   0.267954E-04   0.158347E+08   0.158347E+08   0.210544E+08   0.210524E+08   0.158374E+08   0.158347E+08   0.158347E+08   0.158432E+08  -0.536729E+00   0.115430E+08   0.115430E+08   0.230074E+02
   0.295869E-04   0.158347E+08   0.158347E+08   0.210416E+08   0.210391E+08   0.158373E+08   0.158347E+08   0.158347E+08   0.158431E+08  -0.536728E+00   0.115430E+08   0.115430E+08   0.253994E+02
   0.326691E-04   0.158347E+08   0.158346E+08   0.210259E+08   0.210229E+08   0.158372E+08   0.158347E+08   0.158347E+08   0.158431E+08  -0.536726E+00   0.115430E+08   0.115430E+08   0.280390E+02
   0.360725E-04   0.158346E+08   0.158346E+08   0.210068E+08   0.210032E+08   0.158370E+08   0.158346E+08   0.158346E+08   0.158430E+08  -0.536724E+00   0.115429E+08   0.115429E+08   0.309514E+02
   0.398303E-04   0.158345E+08   0.158345E+08   0.209836E+08   0.209792E+08   0.158369E+08   0.158346E+08   0.158345E+08   0.158430E+08  -0.536722E+00   0.115429E+08   0.115429E+08   0.341642E+02
   0.439797E-04   0.158345E+08   0.158345E+08   0.209553E+08   0.209499E+08   0.158367E+08   0.158345E+08   0.158345E+08   0.158429E+08  -0.536719E+00   0.115428E+08   0.115428E+08   0.377077E+02
   0.485613E-04   0.158344E+08   0.158344E+08   0.209208E+08   0.209143E+08   0.158364E+08   0.158344E+08   0.158344E+08   0.158428E+08  -0.536715E+00   0.115428E+08   0.115428E+08   0.416149E+02
   0.536203E-04   0.158343E+08   0.158343E+08   0.208789E+08   0.208709E+08   0.158361E+08   0.158343E+08   0.158343E+08   0.158427E+08  -0.536710E+00   0.115427E+08   0.115427E+08   0.459219E+02
   0.592062E-04   0.158341E+08   0.158341E+08   0.208279E+08   0.208181E+08   0.158357E+08   0.158342E+08   0.158341E+08   0.158425E+08  -0.536705E+00   0.115426E+08   0.115426E+08   0.506678E+02
   0.653741E-04   0.158340E+08   0.158340E+08   0.207658E+08   0.207540E+08   0.158353E+08   0.158340E+08   0.158340E+08   0.158423E+08  -0.536698E+00   0.115425E+08   0.115425E+08   0.558951E+02
   0.721845E-04   0.158338E+08   0.158338E+08   0.206904E+08   0.206760E+08   0.158347E+08   0.158338E+08   0.158338E+08   0.158421E+08  -0.536690E+00   0.115423E+08   0.115423E+08   0.616493E+02
   0.797043E-04   0.158336E+08   0.158335E+08   0.205988E+08   0.205813E+08   0.158340E+08   0.158336E+08   0.158336E+08   0.158418E+08  -0.536680E+00   0.115422E+08   0.115422E+08   0.679793E+02
   0.880076E-04   0.158333E+08   0.158332E+08   0.204876E+08   0.204664E+08   0.158332E+08   0.158333E+08   0.158333E+08   0.158415E+08  -0.536668E+00   0.115420E+08   0.115419E+08   0.749370E+02
   0.971759E-04   0.158329E+08   0.158329E+08   0.203529E+08   0.203271E+08   0.158322E+08   0.158329E+08   0.158329E+08   0.158411E+08  -0.536653E+00   0.115417E+08   0.115417E+08   0.825771E+02
   0.107299E-03   0.158325E+08   0.158324E+08   0.201897E+08   0.201585E+08   0.158310E+08   0.158325E+08   0.158325E+08   0.158406E+08  -0.536635E+00   0.115414E+08   0.115414E+08   0.909560E+02
   0.118477E-03   0.158320E+08   0.158319E+08   0.199924E+08   0.199547E+08   0.158295E+08   0.158319E+08   0.158320E+08   0.158400E+08  -0.536613E+00   0.115410E+08   0.115410E+08   0.100131E+03
   0.130820E-03   0.158313E+08   0.158312E+08   0.197544E+08   0.197088E+08   0.158277E+08   0.158313E+08   0.158313E+08   0.158392E+08  -0.536586E+00   0.115405E+08   0.115405E+08   0.110161E+03
   0.144448E-03   0.158306E+08   0.158304E+08   0.194677E+08   0.194128E+08   0.158255E+08   0.158305E+08   0.158305E+08   0.158383E+08  -0.536553E+00   0.115400E+08   0.115399E+08   0.121099E+03
   0.159496E-03   0.158296E+08   0.158295E+08   0.191236E+08   0.190575E+08   0.158228E+08   0.158296E+08   0.158296E+08   0.158372E+08  -0.536514E+00   0.115393E+08   0.115392E+08   0.132995E+03
   0.176112E-03   0.158285E+08   0.158283E+08   0.187118E+08   0.186325E+08   0.158195E+08   0.158284E+08   0.158285E+08   0.158359E+08  -0.536466E+00   0.115384E+08   0.115383E+08   0.145888E+03
   0.194458E-03   0.158271E+08   0.158269E+08   0.182211E+08   0.181264E+08   0.158155E+08   0.158270E+08   0.158271E+08   0.158343E+08  -0.536408E+00   0.115374E+08   0.115373E+08   0.159805E+03
   0.214716E-03   0.158254E+08   0.158252E+08   0.176394E+08   0.175267E+08   0.158106E+08   0.158253E+08   0.158254E+08   0.158324E+08  -0.536337E+00   0.115362E+08   0.115360E+08   0.174749E+03
   0.237084E-03   0.158234E+08   0.158230E+08   0.169540E+08   0.168208E+08   0.158047E+08   0.158232E+08   0.158233E+08   0.158300E+08  -0.536252E+00   0.115347E+08   0.115345E+08   0.190693E+03
   0.261783E-03   0.158209E+08   0.158205E+08   0.161528E+08   0.159962E+08   0.157976E+08   0.158207E+08   0.158208E+08   0.158272E+08  -0.536150E+00   0.115328E+08   0.115326E+08   0.207570E+03
   0.289054E-03   0.158179E+08   0.158174E+08   0.152248E+08   0.150425E+08   0.157888E+08   0.158177E+08   0.158178E+08   0.158237E+08  -0.536026E+00   0.115306E+08   0.115304E+08   0.225256E+03
   0.319167E-03   0.158142E+08   0.158137E+08   0.141628E+08   0.139525E+08   0.157782E+08   0.158140E+08   0.158141E+08   0.158196E+08  -0.535877E+00   0.115279E+08   0.115276E+08   0.243559E+03
   0.352416E-03   0.158098E+08   0.158092E+08   0.129648E+08   0.127254E+08   0.157654E+08   0.158095E+08   0.158097E+08   0.158147E+08  -0.535699E+00   0.115247E+08   0.115243E+08   0.262201E+03
   0.389130E-03   0.158045E+08   0.158038E+08   0.116376E+08   0.113691E+08   0.157498E+08   0.158042E+08   0.158044E+08   0.158088E+08  -0.535487E+00   0.115207E+08   0.115204E+08   0.280800E+03
   0.429668E-03   0.157982E+08   0.157972E+08   0.102000E+08   0.990482E+07   0.157310E+08   0.157977E+08   0.157980E+08   0.158017E+08  -0.535233E+00   0.115160E+08   0.115156E+08   0.298862E+03
   0.474429E-03   0.157905E+08   0.157894E+08   0.868654E+07   0.836961E+07   0.157083E+08   0.157899E+08   0.157903E+08   0.157934E+08  -0.534933E+00   0.115103E+08   0.115098E+08   0.315767E+03
   0.523853E-03   0.157814E+08   0.157800E+08   0.714939E+07   0.681917E+07   0.156808E+08   0.157807E+08   0.157811E+08   0.157835E+08  -0.534579E+00   0.115035E+08   0.115029E+08   0.330788E+03
   0.578426E-03   0.157704E+08   0.157689E+08   0.565835E+07   0.532700E+07   0.156478E+08   0.157696E+08   0.157702E+08   0.157718E+08  -0.534162E+00   0.114954E+08   0.114947E+08   0.343110E+03
   0.638684E-03   0.157575E+08   0.157557E+08   0.429555E+07   0.397860E+07   0.156081E+08   0.157565E+08   0.157572E+08   0.157581E+08  -0.533676E+00   0.114858E+08   0.114850E+08   0.351893E+03
   0.705219E-03   0.157421E+08   0.157400E+08   0.314345E+07   0.285827E+07   0.155607E+08   0.157409E+08   0.157417E+08   0.157421E+08  -0.533110E+00   0.114743E+08   0.114734E+08   0.356356E+03
   0.778686E-03   0.157240E+08   0.157216E+08   0.226519E+07   0.202820E+07   0.155041E+08   0.157225E+08   0.157236E+08   0.157234E+08  -0.532453E+00   0.114608E+08   0.114599E+08   0.355896E+03
   0.859806E-03   0.157027E+08   0.157001E+08   0.168073E+07   0.150339E+07   0.154368E+08   0.157010E+08   0.157023E+08   0.157016E+08  -0.531694E+00   0.114450E+08   0.114440E+08   0.350205E+03
   0.949378E-03   0.156778E+08   0.156749E+08   0.134835E+07   0.123299E+07   0.153570E+08   0.156758E+08   0.156773E+08   0.156763E+08  -0.530819E+00   0.114265E+08   0.114254E+08   0.339364E+03
   0.104828E-02   0.156489E+08   0.156457E+08   0.116706E+07   0.110470E+07   0.152630E+08   0.156465E+08   0.156483E+08   0.156470E+08  -0.529810E+00   0.114050E+08   0.114038E+08   0.323858E+03
   0.115749E-02   0.156152E+08   0.156119E+08   0.101429E+07   0.986554E+06   0.151526E+08   0.156125E+08   0.156147E+08   0.156129E+08  -0.528647E+00   0.113801E+08   0.113789E+08   0.304492E+03
   0.127807E-02   0.155764E+08   0.155728E+08   0.812768E+06   0.798870E+06   0.150241E+08   0.155732E+08   0.155758E+08   0.155735E+08  -0.527307E+00   0.113514E+08   0.113502E+08   0.282228E+03
   0.141121E-02   0.155316E+08   0.155279E+08   0.583280E+06   0.568665E+06   0.148760E+08   0.155279E+08   0.155310E+08   0.155281E+08  -0.525765E+00   0.113184E+08   0.113171E+08   0.258048E+03
   0.155823E-02   0.154801E+08   0.154764E+08   0.416875E+06   0.397225E+06   0.147065E+08   0.154759E+08   0.154795E+08   0.154760E+08  -0.523996E+00   0.112804E+08   0.112792E+08   0.232963E+03
   0.172056E-02   0.154212E+08   0.154174E+08   0.357775E+06   0.195929E+06   0.145143E+08   0.154163E+08   0.154206E+08   0.154164E+08  -0.521971E+00   0.112370E+08   0.112358E+08   0.208131E+03
   0.189980E-02   0.153539E+08   0.153501E+08   0.327703E+06   0.159997E+06   0.142986E+08   0.153482E+08   0.153532E+08   0.153484E+08  -0.519664E+00   0.111875E+08   0.111863E+08   0.184853E+03
   0.209771E-02   0.152773E+08   0.152735E+08   0.242003E+06   0.130571E+06   0.140591E+08   0.152709E+08   0.152766E+08   0.152709E+08  -0.517041E+00   0.111312E+08   0.111300E+08   0.164210E+03
   0.231624E-02   0.151904E+08   0.151866E+08   0.160992E+06   0.106479E+06   0.137957E+08   0.151831E+08   0.151897E+08   0.151832E+08  -0.514068E+00   0.110673E+08   0.110661E+08   0.146654E+03
   0.255754E-02   0.150922E+08   0.150883E+08   0.146940E+06   0.867615E+05   0.135091E+08   0.150841E+08   0.150916E+08   0.150841E+08  -0.510711E+00   0.109952E+08   0.109940E+08   0.132020E+03
   0.282397E-02   0.149817E+08   0.149776E+08   0.118393E+06   0.706324E+05   0.131999E+08   0.149726E+08   0.149810E+08   0.149726E+08  -0.506935E+00   0.109141E+08   0.109129E+08   0.119726E+03
   0.311816E-02   0.148579E+08   0.148535E+08   0.876433E+05   0.574456E+05   0.128682E+08   0.148477E+08   0.148571E+08   0.148478E+08  -0.502706E+00   0.108233E+08   0.108221E+08   0.108804E+03
   0.344300E-02   0.147196E+08   0.147150E+08   0.793611E+05   0.466705E+05   0.125140E+08   0.147084E+08   0.147188E+08   0.147084E+08  -0.497987E+00   0.107219E+08   0.107207E+08   0.984403E+02
   0.380167E-02   0.145659E+08   0.145610E+08   0.513529E+05   0.378721E+05   0.121366E+08   0.145536E+08   0.145651E+08   0.145536E+08  -0.492744E+00   0.106093E+08   0.106081E+08   0.884840E+02
   0.419772E-02   0.143957E+08   0.143905E+08   0.452121E+05   0.306929E+05   0.117356E+08   0.143822E+08   0.143948E+08   0.143822E+08  -0.486942E+00   0.104846E+08   0.104834E+08   0.792859E+02
   0.463502E-02   0.142079E+08   0.142023E+08   0.323465E+05   0.248398E+05   0.113107E+08   0.141933E+08   0.142070E+08   0.141933E+08  -0.480544E+00   0.103471E+08   0.103460E+08   0.712561E+02
   0.511788E-02   0.140016E+08   0.139954E+08   0.251663E+05   0.200722E+05   0.108632E+08   0.139857E+08   0.140005E+08   0.139857E+08  -0.473515E+00   0.101961E+08   0.101950E+08   0.642740E+02
   0.565104E-02   0.137760E+08   0.137693E+08   0.256371E+05   0.161927E+05   0.103716E+08   0.137588E+08   0.137749E+08   0.137588E+08  -0.465832E+00   0.100310E+08   0.100299E+08   0.579000E+02
   0.623974E-02   0.135294E+08   0.135219E+08   0.205519E+05   0.130390E+05   0.986640E+07   0.135108E+08   0.135281E+08   0.135108E+08  -0.457435E+00   0.985058E+07   0.984944E+07   0.520014E+02
   0.688977E-02   0.132609E+08   0.132525E+08   0.141508E+05   0.104784E+05   0.933576E+07   0.132409E+08   0.132595E+08   0.132409E+08  -0.448298E+00   0.965423E+07   0.965311E+07   0.467790E+02
   0.760752E-02   0.129697E+08   0.129602E+08   0.113570E+05   0.840228E+04   0.878718E+07   0.129483E+08   0.129681E+08   0.129483E+08  -0.438390E+00   0.944126E+07   0.944014E+07   0.421609E+02
   0.840004E-02   0.126545E+08   0.126438E+08   0.977422E+04   0.672126E+04   0.822972E+07   0.126318E+08   0.126527E+08   0.126318E+08  -0.427674E+00   0.921092E+07   0.920980E+07   0.379688E+02
   0.927512E-02   0.123146E+08   0.123024E+08   0.708996E+04   0.536226E+04   0.766356E+07   0.122905E+08   0.123126E+08   0.122906E+08  -0.416121E+00   0.896252E+07   0.896141E+07   0.342471E+02
   0.102414E-01   0.119490E+08   0.119350E+08   0.492190E+04   0.426546E+04   0.708748E+07   0.119236E+08   0.119466E+08   0.119236E+08  -0.403697E+00   0.869539E+07   0.869428E+07   0.309317E+02
   0.113083E-01   0.115566E+08   0.115406E+08   0.407788E+04   0.338191E+04   0.650755E+07   0.115300E+08   0.115539E+08   0.115300E+08  -0.390371E+00   0.840883E+07   0.840772E+07   0.279768E+02
   0.124863E-01   0.111366E+08   0.111183E+08   0.278208E+04   0.267161E+04   0.593127E+07   0.111089E+08   0.111336E+08   0.111089E+08  -0.376115E+00   0.810219E+07   0.810108E+07   0.253517E+02
   0.137871E-01   0.106884E+08   0.106674E+08   0.271622E+04   0.210187E+04   0.536343E+07   0.106597E+08   0.106849E+08   0.106597E+08  -0.360905E+00   0.777501E+07   0.777390E+07   0.230154E+02
   0.152234E-01   0.102116E+08   0.101875E+08   0.204108E+04   0.164607E+04   0.480596E+07   0.101820E+08   0.102075E+08   0.101820E+08  -0.344730E+00   0.742701E+07   0.742589E+07   0.209301E+02
   0.168093E-01   0.971747E+07   0.968996E+07   0.145694E+04   0.128399E+04   0.427228E+07   0.968710E+07   0.971285E+07   0.968710E+07  -0.327975E+00   0.706646E+07   0.706534E+07   0.190753E+02
   0.185604E-01   0.918690E+07   0.915573E+07   0.110195E+04   0.995001E+03   0.375649E+07   0.915599E+07   0.918166E+07   0.915599E+07  -0.309993E+00   0.667946E+07   0.667833E+07   0.173834E+02
   0.204939E-01   0.863129E+07   0.859629E+07   0.836293E+03   0.766245E+03   0.326805E+07   0.860005E+07   0.862541E+07   0.860005E+07  -0.291171E+00   0.627429E+07   0.627316E+07   0.158297E+02
   0.226289E-01   0.804620E+07   0.800737E+07   0.673866E+03   0.585483E+03   0.280819E+07   0.801492E+07   0.803968E+07   0.801492E+07  -0.271360E+00   0.584777E+07   0.584663E+07   0.143682E+02
   0.249863E-01   0.745245E+07   0.741002E+07   0.454174E+03   0.444477E+03   0.238682E+07   0.742139E+07   0.744533E+07   0.742139E+07  -0.251265E+00   0.541506E+07   0.541393E+07   0.129750E+02
   0.275893E-01   0.685700E+07   0.681154E+07   0.369798E+03   0.335206E+03   0.200610E+07   0.682644E+07   0.684937E+07   0.682644E+07  -0.231122E+00   0.498126E+07   0.498015E+07   0.116136E+02
   0.304634E-01   0.626247E+07   0.621495E+07   0.334952E+03   0.250932E+03   0.166606E+07   0.623278E+07   0.625449E+07   0.623278E+07  -0.211022E+00   0.454834E+07   0.454725E+07   0.102492E+02
   0.336370E-01   0.568495E+07   0.563680E+07   0.212136E+03   0.186717E+03   0.136909E+07   0.565648E+07   0.567687E+07   0.565648E+07  -0.191511E+00   0.412803E+07   0.412698E+07   0.886668E+01
   0.371412E-01   0.514524E+07   0.509832E+07   0.148452E+03   0.138528E+03   0.111674E+07   0.511833E+07   0.513736E+07   0.511833E+07  -0.173291E+00   0.373549E+07   0.373452E+07   0.746987E+01
   0.410104E-01   0.465671E+07   0.461315E+07   0.123318E+03   0.102786E+03   0.906882E+06   0.463168E+07   0.464939E+07   0.463168E+07  -0.156814E+00   0.338049E+07   0.337962E+07   0.608011E+01
   0.451114E-01   0.424413E+07   0.420579E+07   0.799501E+02   0.773959E+02   0.741732E+06   0.422115E+07   0.423770E+07   0.422115E+07  -0.142915E+00   0.308100E+07   0.308024E+07   0.479462E+01
   0.492124E-01   0.392305E+07   0.389078E+07   0.620875E+02   0.601035E+02   0.619005E+06   0.390202E+07   0.391763E+07   0.390202E+07  -0.132110E+00   0.284817E+07   0.284753E+07   0.372056E+01
   0.533135E-01   0.366490E+07   0.363870E+07   0.494182E+02   0.478386E+02   0.524911E+06   0.364566E+07   0.366050E+07   0.364566E+07  -0.123431E+00   0.266113E+07   0.266059E+07   0.286458E+01
   0.574145E-01   0.344800E+07   0.342713E+07   0.400873E+02   0.388057E+02   0.450443E+06   0.343032E+07   0.344449E+07   0.343032E+07  -0.116140E+00   0.250401E+07   0.250356E+07   0.222158E+01
   0.615155E-01   0.325595E+07   0.323917E+07   0.329741E+02   0.319197E+02   0.389660E+06   0.323958E+07   0.325314E+07   0.323958E+07  -0.109682E+00   0.236483E+07   0.236445E+07   0.177242E+01
   0.656166E-01   0.307437E+07   0.306020E+07   0.273624E+02   0.264873E+02   0.338355E+06   0.305905E+07   0.307199E+07   0.305905E+07  -0.103570E+00   0.223309E+07   0.223275E+07   0.148525E+01
   0.697176E-01   0.289415E+07   0.288114E+07   0.228138E+02   0.220841E+02   0.293962E+06   0.287967E+07   0.289196E+07   0.287967E+07  -0.974965E-01   0.210219E+07   0.210187E+07   0.132132E+01
   0.738187E-01   0.271675E+07   0.270369E+07   0.190980E+02   0.184870E+02   0.255498E+06   0.270292E+07   0.271456E+07   0.270292E+07  -0.915123E-01   0.197320E+07   0.197288E+07   0.124181E+01
   0.779197E-01   0.253684E+07   0.252293E+07   0.160012E+02   0.154893E+02   0.221555E+06   0.252355E+07   0.253450E+07   0.252355E+07  -0.854396E-01   0.184229E+07   0.184196E+07   0.120663E+01
   0.820207E-01   0.236321E+07   0.234811E+07   0.134488E+02   0.130185E+02   0.192197E+06   0.235042E+07   0.236068E+07   0.235042E+07  -0.795777E-01   0.171593E+07   0.171559E+07   0.118625E+01
   0.861218E-01   0.220090E+07   0.218470E+07   0.113574E+02   0.109939E+02   0.167118E+06   0.218857E+07   0.219818E+07   0.218857E+07  -0.740981E-01   0.159780E+07   0.159745E+07   0.115830E+01
   0.912434E-01   0.202046E+07   0.200350E+07   0.928567E+01   0.898848E+01   0.141286E+06   0.200873E+07   0.201761E+07   0.200873E+07  -0.680094E-01   0.146653E+07   0.146618E+07   0.109397E+01
   0.963650E-01   0.187030E+07   0.185358E+07   0.770456E+01   0.745795E+01   0.120869E+06   0.185923E+07   0.186749E+07   0.185923E+07  -0.629475E-01   0.135740E+07   0.135706E+07   0.992239E+00
   0.101487E+00   0.175224E+07   0.173676E+07   0.650760E+01   0.629929E+01   0.104994E+06   0.174186E+07   0.174964E+07   0.174186E+07  -0.589738E-01   0.127172E+07   0.127142E+07   0.862894E+00
   0.106608E+00   0.166192E+07   0.164840E+07   0.559365E+01   0.541459E+01   0.926089E+05   0.165224E+07   0.165965E+07   0.165224E+07  -0.559395E-01   0.120630E+07   0.120603E+07   0.723845E+00
   0.111730E+00   0.159028E+07   0.157898E+07   0.487364E+01   0.471762E+01   0.826369E+05   0.158126E+07   0.158838E+07   0.158126E+07  -0.535363E-01   0.115448E+07   0.115425E+07   0.593957E+00
   0.116851E+00   0.152746E+07   0.151819E+07   0.428031E+01   0.414327E+01   0.742000E+05   0.151903E+07   0.152590E+07   0.151903E+07  -0.514295E-01   0.110906E+07   0.110886E+07   0.487822E+00
   0.121973E+00   0.146572E+07   0.145793E+07   0.376991E+01   0.364920E+01   0.667116E+05   0.145779E+07   0.146441E+07   0.145779E+07  -0.493563E-01   0.106435E+07   0.106418E+07   0.412830E+00
   0.127095E+00   0.140051E+07   0.139350E+07   0.331772E+01   0.321149E+01   0.598480E+05   0.139299E+07   0.139933E+07   0.139299E+07  -0.471623E-01   0.101705E+07   0.101688E+07   0.368661E+00
   0.132216E+00   0.133059E+07   0.132369E+07   0.291235E+01   0.281909E+01   0.534881E+05   0.132339E+07   0.132943E+07   0.132339E+07  -0.448058E-01   0.966237E+06   0.966076E+06   0.348840E+00
   0.137338E+00   0.125746E+07   0.125020E+07   0.255043E+01   0.246875E+01   0.476365E+05   0.125052E+07   0.125624E+07   0.125052E+07  -0.423386E-01   0.913039E+06   0.912874E+06   0.343528E+00
   0.142460E+00   0.118439E+07   0.117658E+07   0.223217E+01   0.216068E+01   0.423567E+05   0.117768E+07   0.118308E+07   0.117768E+07  -0.398726E-01   0.859867E+06   0.859697E+06   0.342549E+00
   0.147581E+00   0.111551E+07   0.110722E+07   0.195856E+01   0.189584E+01   0.377221E+05   0.110902E+07   0.111411E+07   0.110902E+07  -0.375479E-01   0.809741E+06   0.809567E+06   0.337877E+00
   0.152703E+00   0.105464E+07   0.104617E+07   0.172931E+01   0.167392E+01   0.337765E+05   0.104839E+07   0.105322E+07   0.104839E+07  -0.354952E-01   0.765478E+06   0.765305E+06   0.325025E+00
   0.157824E+00   0.100394E+07   0.995656E+06   0.154096E+01   0.149160E+01   0.304983E+05   0.997949E+06   0.100255E+07   0.997949E+06  -0.337874E-01   0.728652E+06   0.728484E+06   0.303211E+00
   0.162946E+00   0.963086E+06   0.955331E+06   0.138679E+01   0.134238E+01   0.277919E+05   0.957363E+06   0.961784E+06   0.957363E+06  -0.324133E-01   0.699020E+06   0.698863E+06   0.274612E+00
   0.168068E+00   0.929924E+06   0.922927E+06   0.125877E+01   0.121845E+01   0.255261E+05   0.924474E+06   0.928749E+06   0.924474E+06  -0.312998E-01   0.675007E+06   0.674864E+06   0.243137E+00
   0.173189E+00   0.901689E+06   0.895518E+06   0.114954E+01   0.111272E+01   0.235737E+05   0.896502E+06   0.900653E+06   0.896502E+06  -0.303527E-01   0.654583E+06   0.654454E+06   0.213060E+00
   0.178311E+00   0.875584E+06   0.870149E+06   0.105316E+01   0.101942E+01   0.218279E+05   0.870635E+06   0.874671E+06   0.870635E+06  -0.294769E-01   0.635697E+06   0.635580E+06   0.187812E+00
   0.183433E+00   0.849057E+06   0.844156E+06   0.965075E+00   0.934163E+00   0.202056E+05   0.844315E+06   0.848234E+06   0.844315E+06  -0.285858E-01   0.616481E+06   0.616372E+06   0.169229E+00
   0.188554E+00   0.820457E+06   0.815842E+06   0.882598E+00   0.854326E+00   0.186574E+05   0.815891E+06   0.819682E+06   0.815891E+06  -0.276235E-01   0.595728E+06   0.595624E+06   0.157412E+00
   0.193676E+00   0.789599E+06   0.785039E+06   0.805032E+00   0.779245E+00   0.171745E+05   0.785181E+06   0.788833E+06   0.785181E+06  -0.265838E-01   0.573307E+06   0.573205E+06   0.151056E+00
   0.198797E+00   0.757510E+06   0.752848E+06   0.732966E+00   0.709487E+00   0.157744E+05   0.753220E+06   0.756727E+06   0.753220E+06  -0.255017E-01   0.549973E+06   0.549870E+06   0.148034E+00
   0.203919E+00   0.725648E+06   0.720823E+06   0.667235E+00   0.645861E+00   0.144802E+05   0.721476E+06   0.724838E+06   0.721476E+06  -0.244269E-01   0.526796E+06   0.526692E+06   0.146040E+00
   0.209041E+00   0.695433E+06   0.690478E+06   0.608437E+00   0.588946E+00   0.133100E+05   0.691377E+06   0.694601E+06   0.691377E+06  -0.234078E-01   0.504821E+06   0.504716E+06   0.143166E+00
   0.214162E+00   0.668062E+06   0.663078E+06   0.556824E+00   0.538987E+00   0.122741E+05   0.664125E+06   0.667225E+06   0.664125E+06  -0.224852E-01   0.484924E+06   0.484820E+06   0.138288E+00
   0.219284E+00   0.644254E+06   0.639374E+06   0.512172E+00   0.495764E+00   0.113724E+05   0.640443E+06   0.643435E+06   0.640443E+06  -0.216834E-01   0.467633E+06   0.467533E+06   0.131167E+00
   0.224405E+00   0.624009E+06   0.619353E+06   0.473696E+00   0.458521E+00   0.105917E+05   0.620328E+06   0.623227E+06   0.620328E+06  -0.210023E-01   0.452946E+06   0.452850E+06   0.122301E+00
   0.229527E+00   0.606666E+06   0.602314E+06   0.440225E+00   0.426122E+00   0.990930E+04   0.603114E+06   0.605935E+06   0.603114E+06  -0.204195E-01   0.440377E+06   0.440287E+06   0.112640E+00
   0.234649E+00   0.591212E+06   0.587190E+06   0.410512E+00   0.397361E+00   0.929983E+04   0.587786E+06   0.590537E+06   0.587786E+06  -0.199006E-01   0.429185E+06   0.429101E+06   0.103254E+00
   0.239770E+00   0.576579E+06   0.572858E+06   0.383452E+00   0.371167E+00   0.874035E+04   0.573270E+06   0.575954E+06   0.573270E+06  -0.194091E-01   0.418586E+06   0.418507E+06   0.950386E-01
   0.244892E+00   0.561863E+06   0.558372E+06   0.358211E+00   0.346735E+00   0.821342E+04   0.558659E+06   0.561277E+06   0.558659E+06  -0.189144E-01   0.407918E+06   0.407843E+06   0.885192E-01
   0.250014E+00   0.546530E+06   0.543182E+06   0.334307E+00   0.323597E+00   0.770897E+04   0.543420E+06   0.545968E+06   0.543420E+06  -0.183985E-01   0.396792E+06   0.396718E+06   0.837909E-01
   0.255135E+00   0.530513E+06   0.527227E+06   0.311605E+00   0.301622E+00   0.722487E+04   0.527487E+06   0.529962E+06   0.527487E+06  -0.178591E-01   0.385158E+06   0.385087E+06   0.805734E-01
   0.260257E+00   0.514119E+06   0.510836E+06   0.290194E+00   0.280897E+00   0.676391E+04   0.511169E+06   0.513568E+06   0.511169E+06  -0.173066E-01   0.373244E+06   0.373173E+06   0.783462E-01
   0.265378E+00   0.497836E+06   0.494530E+06   0.270246E+00   0.261588E+00   0.633094E+04   0.494957E+06   0.497281E+06   0.494957E+06  -0.167577E-01   0.361407E+06   0.361336E+06   0.765144E-01
   0.270500E+00   0.482190E+06   0.478869E+06   0.251920E+00   0.243849E+00   0.593051E+04   0.479381E+06   0.481632E+06   0.479381E+06  -0.162303E-01   0.350034E+06   0.349964E+06   0.745629E-01
   0.275622E+00   0.467636E+06   0.464331E+06   0.235311E+00   0.227772E+00   0.556560E+04   0.464897E+06   0.467081E+06   0.464897E+06  -0.157399E-01   0.339459E+06   0.339389E+06   0.721621E-01
   0.280743E+00   0.454446E+06   0.451202E+06   0.220402E+00   0.213340E+00   0.523665E+04   0.451778E+06   0.453901E+06   0.451778E+06  -0.152958E-01   0.329880E+06   0.329812E+06   0.692069E-01
   0.285865E+00   0.442636E+06   0.439495E+06   0.207051E+00   0.200417E+00   0.494096E+04   0.440040E+06   0.442109E+06   0.440040E+06  -0.148984E-01   0.321309E+06   0.321243E+06   0.657931E-01
   0.290986E+00   0.431996E+06   0.428987E+06   0.195027E+00   0.188778E+00   0.467368E+04   0.429471E+06   0.431491E+06   0.429471E+06  -0.145405E-01   0.313592E+06   0.313529E+06   0.621523E-01
   0.296108E+00   0.422188E+06   0.419322E+06   0.184067E+00   0.178170E+00   0.442903E+04   0.419732E+06   0.421707E+06   0.419732E+06  -0.142108E-01   0.306481E+06   0.306420E+06   0.585666E-01
   0.301230E+00   0.412843E+06   0.410112E+06   0.173929E+00   0.168356E+00   0.420156E+04   0.410452E+06   0.412384E+06   0.410452E+06  -0.138966E-01   0.299705E+06   0.299647E+06   0.552880E-01
   0.306351E+00   0.403637E+06   0.401020E+06   0.164415E+00   0.159147E+00   0.398687E+04   0.401308E+06   0.403197E+06   0.401308E+06  -0.135870E-01   0.293028E+06   0.292972E+06   0.524798E-01
   0.311473E+00   0.394355E+06   0.391821E+06   0.155396E+00   0.150417E+00   0.378203E+04   0.392083E+06   0.393929E+06   0.392083E+06  -0.132747E-01   0.286293E+06   0.286238E+06   0.501926E-01
   0.316595E+00   0.384933E+06   0.382452E+06   0.146814E+00   0.142110E+00   0.358591E+04   0.382714E+06   0.384517E+06   0.382714E+06  -0.129575E-01   0.279452E+06   0.279398E+06   0.483720E-01
   0.321716E+00   0.375447E+06   0.372998E+06   0.138670E+00   0.134227E+00   0.339868E+04   0.373277E+06   0.375036E+06   0.373277E+06  -0.126380E-01   0.272562E+06   0.272509E+06   0.468899E-01
   0.326838E+00   0.366061E+06   0.363629E+06   0.130996E+00   0.126798E+00   0.322132E+04   0.363937E+06   0.365653E+06   0.363937E+06  -0.123218E-01   0.265742E+06   0.265690E+06   0.455866E-01
   0.331959E+00   0.356959E+06   0.354545E+06   0.123824E+00   0.119856E+00   0.305481E+04   0.354880E+06   0.356553E+06   0.354880E+06  -0.120151E-01   0.259129E+06   0.259078E+06   0.443134E-01
   0.337081E+00   0.348300E+06   0.345913E+06   0.117174E+00   0.113419E+00   0.289981E+04   0.346266E+06   0.347899E+06   0.346266E+06  -0.117235E-01   0.252839E+06   0.252789E+06   0.429649E-01
   0.342203E+00   0.340184E+06   0.337837E+06   0.111042E+00   0.107484E+00   0.275642E+04   0.338195E+06   0.339790E+06   0.338195E+06  -0.114502E-01   0.246946E+06   0.246896E+06   0.414946E-01
   0.347324E+00   0.332634E+06   0.330341E+06   0.105399E+00   0.102022E+00   0.262402E+04   0.330689E+06   0.332249E+06   0.330689E+06  -0.111961E-01   0.241465E+06   0.241417E+06   0.399134E-01
   0.352446E+00   0.325595E+06   0.323367E+06   0.100192E+00   0.969820E-01   0.250153E+04   0.323694E+06   0.325221E+06   0.323694E+06  -0.109593E-01   0.236358E+06   0.236310E+06   0.382743E-01
   0.357567E+00   0.318961E+06   0.316803E+06   0.953603E-01   0.923049E-01   0.238747E+04   0.317103E+06   0.318599E+06   0.317103E+06  -0.107361E-01   0.231545E+06   0.231499E+06   0.366513E-01
   0.362689E+00   0.312607E+06   0.310517E+06   0.908406E-01   0.879299E-01   0.228042E+04   0.310789E+06   0.312256E+06   0.310789E+06  -0.105223E-01   0.226935E+06   0.226890E+06   0.351166E-01
   0.367811E+00   0.306415E+06   0.304387E+06   0.865796E-01   0.838055E-01   0.217913E+04   0.304636E+06   0.306075E+06   0.304636E+06  -0.103140E-01   0.222442E+06   0.222399E+06   0.337229E-01
   0.372932E+00   0.300299E+06   0.298323E+06   0.825372E-01   0.798926E-01   0.208264E+04   0.298558E+06   0.299967E+06   0.298558E+06  -0.101082E-01   0.218004E+06   0.217961E+06   0.324930E-01
   0.378054E+00   0.294215E+06   0.292279E+06   0.786886E-01   0.761673E-01   0.199042E+04   0.292509E+06   0.293890E+06   0.292509E+06  -0.990342E-02   0.213587E+06   0.213545E+06   0.314196E-01
   0.383176E+00   0.288170E+06   0.286266E+06   0.750245E-01   0.726206E-01   0.190227E+04   0.286497E+06   0.287850E+06   0.286497E+06  -0.969988E-02   0.209197E+06   0.209156E+06   0.304722E-01
   0.388297E+00   0.282214E+06   0.280336E+06   0.715476E-01   0.692551E-01   0.181834E+04   0.280573E+06   0.281899E+06   0.280573E+06  -0.949933E-02   0.204872E+06   0.204832E+06   0.296084E-01
   0.393419E+00   0.276409E+06   0.274555E+06   0.682623E-01   0.660751E-01   0.173877E+04   0.274799E+06   0.276098E+06   0.274799E+06  -0.930384E-02   0.200656E+06   0.200616E+06   0.287845E-01
   0.398540E+00   0.270804E+06   0.268975E+06   0.651695E-01   0.630814E-01   0.166364E+04   0.269225E+06   0.270497E+06   0.269225E+06  -0.911510E-02   0.196586E+06   0.196547E+06   0.279657E-01
   0.403662E+00   0.265432E+06   0.263632E+06   0.622656E-01   0.602705E-01   0.159292E+04   0.263883E+06   0.265130E+06   0.263883E+06  -0.893424E-02   0.192685E+06   0.192647E+06   0.271321E-01
   0.408784E+00   0.260312E+06   0.258545E+06   0.595436E-01   0.576357E-01   0.152645E+04   0.258792E+06   0.260015E+06   0.258792E+06  -0.876187E-02   0.188968E+06   0.188930E+06   0.262805E-01
   0.413905E+00   0.255438E+06   0.253708E+06   0.569918E-01   0.551656E-01   0.146400E+04   0.253947E+06   0.255147E+06   0.253947E+06  -0.859784E-02   0.185430E+06   0.185393E+06   0.254216E-01
   0.419027E+00   0.250778E+06   0.249087E+06   0.545928E-01   0.528435E-01   0.140513E+04   0.249315E+06   0.250494E+06   0.249315E+06  -0.844102E-02   0.182048E+06   0.182012E+06   0.245735E-01
   0.424149E+00   0.246284E+06   0.244632E+06   0.523277E-01   0.506510E-01   0.134942E+04   0.244849E+06   0.246006E+06   0.244849E+06  -0.828980E-02   0.178787E+06   0.178751E+06   0.237560E-01
   0.429270E+00   0.241913E+06   0.240298E+06   0.501800E-01   0.485721E-01   0.129645E+04   0.240504E+06   0.241642E+06   0.240504E+06  -0.814271E-02   0.175614E+06   0.175580E+06   0.229856E-01
   0.434392E+00   0.237635E+06   0.236054E+06   0.481373E-01   0.465949E-01   0.124594E+04   0.236252E+06   0.237370E+06   0.236252E+06  -0.799876E-02   0.172510E+06   0.172476E+06   0.222716E-01
   0.439513E+00   0.233432E+06   0.231880E+06   0.461902E-01   0.447101E-01   0.119767E+04   0.232074E+06   0.233172E+06   0.232074E+06  -0.785728E-02   0.169459E+06   0.169425E+06   0.216151E-01
   0.444635E+00   0.229294E+06   0.227768E+06   0.443320E-01   0.429115E-01   0.115147E+04   0.227959E+06   0.229038E+06   0.227959E+06  -0.771798E-02   0.166454E+06   0.166422E+06   0.210095E-01
   0.449757E+00   0.225226E+06   0.223724E+06   0.425591E-01   0.411954E-01   0.110730E+04   0.223914E+06   0.224974E+06   0.223914E+06  -0.758103E-02   0.163501E+06   0.163469E+06   0.204434E-01
   0.454878E+00   0.221246E+06   0.219765E+06   0.408706E-01   0.395610E-01   0.106511E+04   0.219956E+06   0.220997E+06   0.219956E+06  -0.744702E-02   0.160611E+06   0.160579E+06   0.199039E-01
   0.460000E+00   0.217374E+06   0.215915E+06   0.392659E-01   0.380077E-01   0.102494E+04   0.216106E+06   0.217129E+06   0.216106E+06  -0.731667E-02   0.157799E+06   0.157768E+06   0.193801E-01
   0.465121E+00   0.213624E+06   0.212187E+06   0.377433E-01   0.365339E-01   0.986740E+03   0.212378E+06   0.213383E+06   0.212378E+06  -0.719044E-02   0.155077E+06   0.155046E+06   0.188642E-01
   0.470243E+00   0.210001E+06   0.208587E+06   0.362993E-01   0.351361E-01   0.950435E+03   0.208776E+06   0.209764E+06   0.208776E+06  -0.706848E-02   0.152447E+06   0.152417E+06   0.183528E-01
   0.475365E+00   0.206501E+06   0.205111E+06   0.349292E-01   0.338100E-01   0.915934E+03   0.205296E+06   0.206268E+06   0.205296E+06  -0.695067E-02   0.149906E+06   0.149876E+06   0.178466E-01
   0.480486E+00   0.203117E+06   0.201751E+06   0.336282E-01   0.325506E-01   0.883098E+03   0.201931E+06   0.202887E+06   0.201931E+06  -0.683676E-02   0.147449E+06   0.147420E+06   0.173494E-01
   0.485608E+00   0.199837E+06   0.198496E+06   0.323910E-01   0.313531E-01   0.851822E+03   0.198671E+06   0.199612E+06   0.198671E+06  -0.672638E-02   0.145069E+06   0.145040E+06   0.168666E-01
   0.490730E+00   0.196648E+06   0.195331E+06   0.312122E-01   0.302121E-01   0.821962E+03   0.195501E+06   0.196427E+06   0.195501E+06  -0.661904E-02   0.142754E+06   0.142726E+06   0.164030E-01
   0.495851E+00   0.193532E+06   0.192239E+06   0.300865E-01   0.291224E-01   0.793386E+03   0.192404E+06   0.193315E+06   0.192404E+06  -0.651418E-02   0.140492E+06   0.140465E+06   0.159616E-01
   0.500973E+00   0.190479E+06   0.189207E+06   0.290094E-01   0.280798E-01   0.766001E+03   0.189368E+06   0.190265E+06   0.189368E+06  -0.641141E-02   0.138276E+06   0.138249E+06   0.155436E-01
   0.506094E+00   0.187484E+06   0.186232E+06   0.279783E-01   0.270817E-01   0.739726E+03   0.186391E+06   0.187274E+06   0.186391E+06  -0.631061E-02   0.136102E+06   0.136075E+06   0.151478E-01
   0.511216E+00   0.184550E+06   0.183316E+06   0.269912E-01   0.261264E-01   0.714537E+03   0.183473E+06   0.184343E+06   0.183473E+06  -0.621183E-02   0.133972E+06   0.133945E+06   0.147716E-01
   0.516338E+00   0.181678E+06   0.180463E+06   0.260467E-01   0.252120E-01   0.690382E+03   0.180618E+06   0.181474E+06   0.180618E+06  -0.611517E-02   0.131887E+06   0.131861E+06   0.144113E-01
   0.521459E+00   0.178871E+06   0.177673E+06   0.251429E-01   0.243372E-01   0.667233E+03   0.177827E+06   0.178670E+06   0.177827E+06  -0.602067E-02   0.129849E+06   0.129823E+06   0.140632E-01
   0.526581E+00   0.176132E+06   0.174951E+06   0.242786E-01   0.235006E-01   0.645059E+03   0.175104E+06   0.175934E+06   0.175104E+06  -0.592847E-02   0.127860E+06   0.127835E+06   0.137243E-01
   0.531702E+00   0.173466E+06   0.172302E+06   0.234526E-01   0.227011E-01   0.623830E+03   0.172453E+06   0.173270E+06   0.172453E+06  -0.583872E-02   0.125925E+06   0.125900E+06   0.133930E-01
   0.536824E+00   0.170873E+06   0.169727E+06   0.226633E-01   0.219371E-01   0.603522E+03   0.169876E+06   0.170681E+06   0.169876E+06  -0.575146E-02   0.124043E+06   0.124018E+06   0.130687E-01
   0.541946E+00   0.168351E+06   0.167221E+06   0.219087E-01   0.212066E-01   0.584070E+03   0.167368E+06   0.168161E+06   0.167368E+06  -0.566655E-02   0.122211E+06   0.122187E+06   0.127517E-01
   0.547067E+00   0.165891E+06   0.164779E+06   0.211863E-01   0.205074E-01   0.565425E+03   0.164923E+06   0.165704E+06   0.164923E+06  -0.558377E-02   0.120426E+06   0.120402E+06   0.124432E-01
   0.559946E+00   0.159963E+06   0.158892E+06   0.195002E-01   0.188753E-01   0.521790E+03   0.159029E+06   0.159783E+06   0.159029E+06  -0.538423E-02   0.116123E+06   0.116100E+06   0.117115E-01
   0.593872E+00   0.145759E+06   0.144782E+06   0.157964E-01   0.152902E-01   0.425346E+03   0.144908E+06   0.145595E+06   0.144908E+06  -0.490612E-02   0.105811E+06   0.105790E+06   0.100809E-01
   0.629853E+00   0.132782E+06   0.131893E+06   0.127928E-01   0.123829E-01   0.346475E+03   0.132007E+06   0.132633E+06   0.132007E+06  -0.446934E-02   0.963912E+05   0.963721E+05   0.866184E-02
   0.879031E+00   0.776222E+05   0.771028E+05   0.383947E-02   0.371644E-02   0.106631E+03   0.771686E+05   0.775350E+05   0.771686E+05  -0.261268E-02   0.563485E+05   0.563373E+05   0.366190E-02
   0.122679E+01   0.448285E+05   0.445285E+05   0.113842E-02   0.110194E-02   0.320972E+02   0.445664E+05   0.447781E+05   0.445664E+05  -0.150888E-02   0.325425E+05   0.325358E+05   0.154313E-02
   0.171212E+01   0.256202E+05   0.254486E+05   0.334038E-03   0.323334E-03   0.950003E+01   0.254703E+05   0.255914E+05   0.254703E+05  -0.862344E-03   0.185985E+05   0.185946E+05   0.654469E-03
   0.238945E+01   0.145111E+05   0.144138E+05   0.971358E-04   0.940230E-04   0.277570E+01   0.144262E+05   0.144948E+05   0.144262E+05  -0.488424E-03   0.105341E+05   0.105317E+05   0.283544E-03
   0.333475E+01   0.815522E+04   0.810032E+04   0.280270E-04   0.271289E-04   0.802987E+00   0.810745E+04   0.814600E+04   0.810745E+04  -0.274493E-03   0.592011E+04   0.591862E+04   0.128283E-03
   0.465402E+01   0.455222E+04   0.452135E+04   0.803192E-05   0.777454E-05   0.230412E+00   0.452552E+04   0.454703E+04   0.452552E+04  -0.153220E-03   0.330457E+04   0.330356E+04   0.623055E-04
   0.649521E+01   0.252596E+04   0.250859E+04   0.228805E-05   0.221473E-05   0.657089E-01   0.251111E+04   0.252305E+04   0.251111E+04  -0.850181E-04   0.183365E+04   0.183289E+04   0.332909E-04
   0.906480E+01   0.139429E+04   0.138444E+04   0.648343E-06   0.627570E-06   0.186304E-01   0.138604E+04   0.139263E+04   0.138604E+04  -0.469270E-04   0.101212E+04   0.101150E+04   0.197292E-04
   0.126509E+02   0.766041E+03   0.760351E+03   0.182838E-06   0.176981E-06   0.526342E-02   0.761465E+03   0.765086E+03   0.761465E+03  -0.257808E-04   0.556057E+03   0.555491E+03   0.127969E-04
   0.176558E+02   0.419117E+03   0.415706E+03   0.513344E-07   0.496905E-07   0.147774E-02   0.416563E+03   0.418544E+03   0.416563E+03  -0.141035E-04   0.304210E+03   0.303664E+03   0.885458E-05
   0.246407E+02   0.228434E+03   0.226258E+03   0.143513E-07   0.138921E-07   0.414032E-03   0.226989E+03   0.228069E+03   0.226989E+03  -0.768514E-05   0.165785E+03   0.165236E+03   0.637280E-05
